"simNum"	"IVsNum"	"P_largestGroup"	"eff_largestGroup"	"AIC_random"	"gamma_random"	"prop_random"	"eff_mean_minClass"	"sd_minClass"	"P_minClass_mean"	"eff_mean_maxClass"	"sd_maxClass"	"P_maxClass_mean"	"correct_factor"	"CHVP_test_correct"
"1"	6	101	0.0111804363977144	0.0917835641323469	-621.943321008757	"0.0590721968909575_0.0917835641323469"	"0.499902803832421_0.50009719616758"	0.0433039736342495	0.0395833733784767	0.276585801065525	0.105669332388881	0.0355060441037319	0.00366130963147402	1.9135258534745	0.481524786563023
"2"	2	122	0.0402412501847646	0.054964174200641	-763.901758422888	"0.054964174200641_0.0549686639058438"	"0.500000000000004_0.499999999999996"	0.044657413298799	0.0265070444383727	0.0946168651514766	0.0642212440310335	0.0218653012899765	0.00396685595622893	1.64585024390514	0.778005738825345
"3"	1	105	1.33636502123054e-05	0.145406633054435	-631.503103882786	"-0.0443878126774003_0.145406633054435"	"0.499104248622498_0.500895751377502"	-0.0306054316867612	0.03138556056633	0.331751730677016	0.131174124169642	0.0318033231426192	7.49683408850062e-05	1.25298326299152	0.000469091545143484
"4"	5	97	0.0828020239849859	0.0587282789649938	-585.954434495742	"0.0587130337127506_0.0587282789649938"	"0.499999999999993_0.500000000000007"	0.0408530469936449	0.0327364308936932	0.21508895420848	0.0825716949245768	0.0335024434861795	0.0154923050943358	1.24292450767198	0.456688627054874
"5"	4	107	0.445006999220763	-0.0212484515500571	-682.457150048142	"-0.0212484515500571_0.0962724829595364"	"0.501286439307437_0.498713560692563"	-0.0159252609844563	0.027716785336425	0.566798888803387	0.0935792456801281	0.0358438343988113	0.0103426414054807	1.09591879951252	0.0182285690834143
"6"	7	96	0.997406962307511	-8.85659319123666e-05	-597.794322101829	"-8.85659319123666e-05_0.0969759292452319"	"0.50266932392275_0.49733067607725"	0.00467169702694523	0.0271803029326546	0.86389902324613	0.091127183827891	0.0371371437096731	0.0159575930077399	1.30370748659034	0.0890832147696666
"7"	9	128	0.000559247259768056	0.0663982535813692	-812.482445158225	"0.0663982535813692_0.132322969080602"	"0.505168604965045_0.494831395034955"	0.0744585430638726	0.0187546408592045	0.000119525426083613	0.123971409748815	0.0279883057295551	2.01689732117348e-05	1.4645189200173	0.230098509882931
"8"	3	111	0.0108827590564888	0.0754655817474661	-686.144975699727	"0.0191281443425895_0.0754655817474661"	"0.491539368558804_0.508460631441196"	0.0129551838183017	0.0296488376742239	0.663001147136235	0.0805262625766724	0.0291321242140924	0.0066926177936127	1.25463849519291	0.14128425217761
"9"	8	131	1.78680807701447e-05	0.100023856530757	-823.709416678841	"-0.00818428695820103_0.100023856530757"	"0.497517608560209_0.502482391439791"	-0.0104630867170577	0.0277144136944228	0.706393708527027	0.100946945104348	0.0224496776881177	1.51246569993715e-05	1.18585307958677	0.00247353140190501
"10"	10	105	0.929421780327582	-0.00400495227020998	-607.956241540388	"-0.00400495227020998_0.098556236706362"	"0.500136117744337_0.499863882255663"	-0.0216374866441327	0.0451073148761738	0.632455749771932	0.11512505442948	0.0470443930008622	0.0160744332784033	1.01909582769926	0.036925797448507
"11"	11	108	0.0125804949146787	0.0822635144249543	-678.592052081783	"0.0822635144249543_0.082409603457143"	"0.500000000002029_0.499999999997971"	0.0564809476653164	0.0324095647531655	0.0842546678095777	0.112299102297451	0.0405169898117001	0.00657904304607588	1.20379726549867	0.342731559196876
"12"	15	109	0.00124421222177958	0.0799316275753417	-702.493856923075	"0.0602686426694855_0.0799316275753417"	"0.499964745780373_0.500035254219627"	0.0551128894001855	0.025929110946965	0.035822583453007	0.0855120934977893	0.0241047360209985	0.000576736092694359	1.91923929606065	0.67236769634498
"13"	18	117	0.0498778787414353	0.0576148428879895	-715.601124161484	"0.0576005495456376_0.0576148428879895"	"0.5_0.5"	0.0320022508931087	0.0399468982313876	0.424700179629594	0.0784508288767521	0.0290734357520453	0.00800842585496791	1.02179533757349	0.35458252848754
"14"	12	109	0.552837670117454	0.0226624106832982	-676.185476201515	"0.0226624106832982_0.0933421860417682"	"0.500071946892788_0.499928053107212"	0.0152158279137901	0.0380640279696105	0.690135312788057	0.103050258319629	0.0434681637971933	0.0195269674873397	1.28625607760852	0.178080472401807
"15"	13	120	0.869721296671485	0.00590923944527212	-731.750549270525	"0.00590923944527212_0.130205288626107"	"0.500469212823473_0.499530787176527"	0.00827996043217518	0.035951549611448	0.818247226572894	0.126481847130034	0.0381478374368286	0.0012127990302525	1.27015253630034	0.035623865060959
"16"	16	119	0.800782699925992	0.00586191481176462	-748.420800511646	"0.00586191481176462_0.0878728868804328"	"0.504281968189812_0.495718031810188"	0.012177550524225	0.0231784485206461	0.600303180730405	0.0832554001082619	0.0304412906006892	0.00720181237880449	1.20952679733158	0.083360429099318
"17"	17	90	0.422095493956264	0.0389748485783672	-524.646994149767	"0.00931921611476923_0.0389748485783672"	"0.494149136976882_0.505850863023118"	-0.0357211542125396	0.0440739986296118	0.419825505048863	0.0822645909408655	0.0483249727449138	0.0921858412773995	1.57454105222735	0.137698904300113
"18"	14	131	0.607285783475767	-0.0194303960224817	-803.116228136362	"-0.0194303960224817_0.120830025327433"	"0.50034338872813_0.49965661127187"	-0.00809070977598185	0.0377140215552895	0.830471562843254	0.109906322326474	0.0403469015801412	0.00733624889586828	1.09650514336096	0.0376697751299247
"19"	19	120	0.211456184389873	0.0367141628047632	-737.547992344471	"0.0367141628047632_0.0358270100036823"	"0.503809805042386_0.496190194957614"	0.0053054321815322	0.0296005496992944	0.858058592144149	0.0677329273480937	0.0292232847076569	0.0221700034557978	1.39591892974881	0.205020944347018
"20"	20	126	8.94006422144654e-08	0.174038756053054	-783.779236740933	"-0.0370191891884285_0.174038756053054"	"0.498898284780794_0.501101715219206"	-0.0233974281670762	0.030976995442446	0.451480114909609	0.161697622410711	0.0306388035693186	5.59718338131463e-07	1.26286448638585	3.63348546156838e-05
"21"	21	106	1.13110150854908e-05	0.0661760363349852	-667.659194965723	"0.0661760363349852_0.0661781853922454"	"0.5_0.5"	0.0664337956202635	0.0143495700405663	1.05261965614238e-05	0.0667500159511942	0.0140398704246327	6.36243509843925e-06	1.79416424204337	0.999674158468023
"22"	22	115	0.0793318106153959	0.0395874825633916	-719.334818678149	"0.0395874825633916_0.0396025853427271"	"0.500000000000011_0.499999999999989"	0.0267508985489634	0.0223606224663669	0.234046278530091	0.0534605440335942	0.0304574099353653	0.0819018400971	1.06409689672058	0.504787240144845
"23"	23	95	0.866986560302968	-0.00539796506792519	-596.502888955033	"-0.00539796506792519_0.096932247812542"	"0.501028272056586_0.498971727943414"	0.00397210491098242	0.0321410725179904	0.901908958395524	0.086918567583965	0.0370578683071113	0.0211050455050247	1.08959864462278	0.102199672758531
"24"	24	91	0.0107498699450353	0.0807884658024918	-561.070945356745	"0.0807257612733004_0.0807884658024918"	"0.499999999999906_0.500000000000094"	0.0643054684317375	0.030715256805568	0.0391083305049306	0.101473887852661	0.0310131810723827	0.001515353658865	0.90978546932443	0.360983084775843
"25"	25	98	1.59021073736628e-07	0.142670537194899	-612.643312643592	"0.00124028104448777_0.142670537194899"	"0.497697228386345_0.502302771613655"	0.00297728086328135	0.0352562059750831	0.932875083743198	0.138695143903769	0.0252417111353131	3.15363381398186e-07	1.25260584405165	0.0027003753065037
"26"	27	104	0.0391058061421293	0.0595261885753038	-618.945198096152	"0.0595261885753038_0.0595349356523309"	"0.5_0.5"	0.0480317261670811	0.0284852057122991	0.09478440256094	0.0706775495102879	0.0270842064004647	0.0104160082172019	1.93246910370212	0.834999071581234
"27"	26	117	0.0175145636370509	0.0885571568223491	-722.632852844181	"0.0885571568223491_0.0885628722472754"	"0.5_0.5"	0.0706178695503102	0.0367424831135993	0.0570626438936209	0.104342065418673	0.0252078526967904	6.63388070888504e-05	1.31523115070671	0.563198286038757
"28"	28	108	4.49222776584978e-05	0.0766781906167409	-679.619489172924	"0.0766781906167409_0.0766783657849526"	"0.5_0.5"	0.0675315049271121	0.018019910393669	0.000289768669613158	0.0848611513819151	0.0233706343634764	0.000434824700949474	1.49523055990745	0.727914862537881
"29"	29	105	9.26484441283554e-05	0.147439437914065	-617.794606223471	"-0.0521167166858498_0.147439437914065"	"0.497107412942813_0.502892587057187"	-0.031182921248362	0.0519749529570282	0.549837536520754	0.129312287608065	0.0362478368021924	0.000546714346434254	1.02993394172342	0.0118917881046442
"30"	30	112	0.58300759081291	-0.0180638483572133	-673.32810518902	"-0.0180638483572133_0.177678836200815"	"0.500126912429379_0.499873087570621"	-0.00515311801460144	0.0328069827974851	0.875472027090573	0.165170924816526	0.0375992567529646	2.56784857869783e-05	1.18543231626211	0.000901056189470296
"31"	31	120	0.0321125610196933	0.048187677885927	-748.609676996138	"0.048187677885927_0.0513021435250892"	"0.505119704041179_0.494880295958821"	0.0292390135966287	0.02222193043325	0.190779497601442	0.0706587592931413	0.0265159579081783	0.00877336421371137	1.29806473829393	0.30960280361567
"32"	32	99	0.594249178707142	-0.0197027732460733	-593.258405685164	"-0.0197027732460733_0.117141034833919"	"0.501349972940534_0.498650027059466"	-0.010200262905543	0.0368663649577446	0.782606936236406	0.107160386120718	0.0487836187512993	0.0304031084471675	1.2348909268866	0.075142564670617
"33"	35	116	0.000642208092866828	0.100124244290934	-741.127874878182	"0.100091095428054_0.100124244290934"	"0.499999999999992_0.500000000000008"	0.086662048934432	0.0279211032374425	0.00240496809682664	0.114042109484173	0.0285305702788823	0.000113569393398956	1.12110168117126	0.539943608207706
"34"	37	98	0.103265158213002	0.0424934793219524	-569.597792651004	"0.000374855640015545_0.0424934793219524"	"0.46930867771499_0.53069132228501"	-0.00230360478015517	0.0411131422833868	0.955432473435727	0.0440105242502637	0.0258363380721188	0.091688648242223	1.13605965886918	0.385524134721488
"35"	38	115	0.1249054630773	0.0357987819553413	-712.342240868978	"0.0357987819553413_0.0358054346543593"	"0.500000000000003_0.499999999999997"	0.0270775314867684	0.0231575627872806	0.244732368072469	0.0447166024114999	0.0259512634904768	0.0875819437252206	1.75365082085687	0.836467982438334
"36"	33	110	0.279161270713518	0.0398772257665594	-655.552649980369	"0.0398772257665594_0.0816052622881551"	"0.500877307523523_0.499122692476477"	0.0171443653050575	0.0366646097815557	0.641004306174531	0.103785277586412	0.0396289967464082	0.0100764924789505	1.05069669872788	0.115916133450903
"37"	36	106	0.253413935001831	0.0241377472980299	-655.492887325331	"0.0241377472980299_0.137514340821297"	"0.50781071174_0.49218928826"	0.0255274426759026	0.02101862979858	0.227275428069929	0.137608996990514	0.0309864631245139	2.22225773918495e-05	1.49098491587248	0.00599375780079095
"38"	34	106	0.000275901519008206	0.157210775551366	-632.231694047149	"-0.00198332722571232_0.157210775551366"	"0.499810630318569_0.500189369681431"	0.00586691907486643	0.0434061710732204	0.892741574648053	0.150473286805751	0.0417673297595194	0.000483071581463713	1.39237998659742	0.0287675105590922
"39"	39	104	0.000956811038528268	0.134565081458567	-641.64974357496	"-0.0374149708768805_0.134565081458567"	"0.498476695698367_0.501523304301633"	-0.0138058217902277	0.0379287746276857	0.716609094293957	0.110205718139981	0.0395668094661857	0.00636602637207308	1.09744195155195	0.0274676934916654
"40"	40	113	0.226812221099722	0.0264683378070082	-715.589465241785	"0.0264683378070082_0.08410449897057"	"0.50230178362215_0.49769821637785"	0.0317584554693987	0.0217794926950925	0.147589021641281	0.0785474650965004	0.0276077608085887	0.00527995914002362	1.36118883291303	0.264957478379104
"41"	41	104	4.3871690186038e-05	0.107963782057849	-658.989371286811	"0.0256793807140627_0.107963782057849"	"0.497274288852019_0.502725711147981"	0.0346766075673725	0.0350545121179363	0.324873912542789	0.0981988953265229	0.0252933988831755	0.000182833861092205	1.07108824856641	0.154582849120776
"42"	42	96	0.0169464786011285	0.0571658497421076	-606.191196363974	"0.0529168340395041_0.0571658497421076"	"0.499074397296764_0.500925602703236"	0.0353844540183479	0.0251680738177306	0.163008363125612	0.0739219011996973	0.0235182888365201	0.00222996404961401	1.12743170318582	0.299688525198102
"43"	44	91	0.000914891737193344	0.0931417857720611	-586.979083873952	"0.024288538621358_0.0931417857720611"	"0.499728670333932_0.500271329666068"	0.0321910297533958	0.0330809158826384	0.333111904979589	0.0835590634087022	0.0271603334580699	0.00277448382065264	1.31552811205798	0.312816241433898
"44"	48	119	0.000982653295957731	0.0566739075682244	-742.79276364478	"0.056673857855733_0.0566739075682244"	"0.5_0.5"	0.0495666588937716	0.0237948841277687	0.0394036293813084	0.0627101040407705	0.0167665638531332	0.000285281690042523	1.36953410463201	0.778127835551438
"45"	47	103	0.69844314086276	0.0101297993364091	-647.53380436131	"0.0101297993364091_0.0699787405671332"	"0.500766483850766_0.499233516149234"	0.0123533768470034	0.0260729794908949	0.636655145849199	0.0669719911620585	0.0303062645241481	0.0293517971477546	1.14535653046517	0.202728929765045
"46"	45	113	0.0498652221577022	0.0545574286955978	-657.391317798844	"0.0545574286955978_0.054558515449412"	"0.500000000000001_0.499999999999999"	0.0351448784330182	0.0275186913976489	0.204198512205858	0.0807338145394744	0.0419941702182357	0.0570826966439888	1.08066194119369	0.391908106438018
"47"	43	100	0.372882882605385	0.0257457187309614	-595.511601918882	"0.0257457187309614_0.181620047993395"	"0.50753241003848_0.49246758996152"	0.0256038212070944	0.028761630503268	0.375512659234239	0.182368814196692	0.033589152502185	4.03766067934055e-07	1.46666125953758	0.000882935927386593
"48"	46	113	0.0773001407673042	0.0650889286977115	-686.034024153455	"0.0650244720326965_0.0650889286977115"	"0.499999999999703_0.500000000000297"	0.0339594017797344	0.0386692888381355	0.381714824816842	0.0948553431971068	0.0365059008685756	0.0106265081826282	1.6472144217376	0.42939690700683
"49"	49	114	0.685138297530115	0.0116609193256459	-717.453216575841	"0.0116609193256459_0.0704552783457079"	"0.500225244284677_0.499774755715323"	0.013644773799422	0.0286855887907869	0.635230251890171	0.0702919185285357	0.0347378366254248	0.0453816794569512	1.20498090161458	0.258835212159966
"50"	50	110	0.0104792876033466	0.0526522531585272	-711.502561576514	"0.0526522531585272_0.0689430005060844"	"0.503812381618991_0.496187618381009"	0.0467153406303829	0.0202146003011298	0.0227158358903877	0.0758660080870978	0.0214871666988781	0.000608454979469349	2.32220265488732	0.687037684502429
"51"	51	98	0.000202432287615624	0.131012915936388	-611.396451856286	"0.0124646517577805_0.131012915936388"	"0.499918508630819_0.500081491369181"	0.0275128283728616	0.0350399259802949	0.434258648334328	0.115226975414227	0.0339169636986293	0.000988147404620119	0.997027590634197	0.0717704256180638
"52"	52	109	0.0538980337892962	0.044648249398978	-675.400619641508	"0.044648249398978_0.11466533216623"	"0.513637762448537_0.486362237551463"	0.0503845177746165	0.0229091523093138	0.0299870042804277	0.10805869202095	0.033105094899917	0.00147106753708078	1.38623720294243	0.228688975483357
"53"	54	104	0.0669228198930574	0.0476584795697113	-629.182671786676	"0.0476584795697113_0.0476652113615076"	"0.500000000000001_0.499999999999999"	0.0344136915040922	0.0257366809084634	0.184120678935696	0.0625797332988155	0.0301279782793379	0.0402774869086513	0.827614776404273	0.405606380395465
"54"	53	106	3.17965550584657e-05	0.0833460177960423	-655.086456385316	"0.0195685838072914_0.0833460177960423"	"0.490197848384723_0.509802151615277"	0.0208340124563634	0.0283944440742247	0.46474513124009	0.0821341201216063	0.0191655835463994	4.05437476256467e-05	1.41867207612381	0.12157158463332
"55"	56	115	0.0663398693422154	0.0638661548074331	-708.952214317953	"0.0638661548074331_0.0639048432882882"	"0.5_0.5"	0.04011246652319	0.0344497994399281	0.246703238251505	0.0883131648383973	0.0307221101863151	0.00482803026708491	1.49258164942111	0.444199257990574
"56"	55	112	0.517575764023182	-0.0190338729996925	-689.052102942754	"-0.0190338729996925_0.154550232587712"	"0.501413130681919_0.498586869318081"	-0.00925136839336382	0.0293207623929475	0.752957211009235	0.144844703527237	0.0339616412332662	4.22001651757546e-05	2.27818095681124	0.00382996063512617
"57"	59	94	0.173868632950044	0.045499757233384	-566.398040069728	"0.045499757233384_0.0455002154832316"	"0.5_0.5"	0.0257060415087032	0.0332024073714165	0.440763206362074	0.0695144075905421	0.0284929831969996	0.0165954744024694	1.21662348654445	0.385608072286366
"58"	57	110	0.894268211249316	0.00364127078863568	-668.828094544774	"0.00364127078863568_0.0834403082265336"	"0.500089344185927_0.499910655814073"	0.00245397307379231	0.0273335900005216	0.928627868492486	0.08206543002455	0.0402738423747678	0.0440031925225639	1.39446715823951	0.160148042078427
"59"	58	102	0.00168728619169935	0.0946054681525709	-638.128712072069	"0.0410143963565795_0.0946054681525709"	"0.498003639338668_0.501996360661331"	0.0373557929564334	0.0335942288438066	0.268790654508237	0.100719213057738	0.0293175086624244	0.000859737776221336	1.14619552698574	0.184039876332858
"60"	60	105	0.563849403441604	-0.0217338508095008	-643.885345329161	"-0.0217338508095008_0.133513126762695"	"0.501420429358429_0.498579570641571"	-0.00592539363787372	0.0375376741870656	0.874879573089784	0.119358427242434	0.0374291459671008	0.00188729096608711	1.08906653344819	0.0208252353494143
"61"	61	97	0.532773280121519	-0.0184439084934143	-596.340203069022	"-0.0184439084934143_0.149348839348574"	"0.502269828420208_0.497730171579792"	-0.00896384691493112	0.0294611511009819	0.761588440519669	0.142005541124413	0.0391538184604755	0.000461712307248162	1.13164825891265	0.00260375769555726
"62"	65	83	0.00356930241384608	0.0747240000173376	-537.7288811088	"0.0458988456892179_0.0747240000173376"	"0.499855841315456_0.500144158684544"	0.045706911568451	0.0287776149941751	0.116071658601964	0.073761089197971	0.0249036107262595	0.00399930083017088	0.863005898165179	0.405477677135124
"63"	63	109	1.3838277969756e-05	0.0845381544614156	-646.004006230953	"0.0845381544614156_0.105136766576547"	"0.545401568500826_0.454598431499174"	0.07987908061987	0.0185598148174221	3.70274284379433e-05	0.113134113417292	0.0366184324942504	0.00254938306516445	1.36569615829525	0.546201061913157
"64"	62	104	0.0135470751569331	0.0840225500530799	-602.463823782814	"0.0840225500530799_0.0512394236593362"	"0.521357384621124_0.478642615378876"	0.0282776275213571	0.0493541569271218	0.567925016964422	0.107516289466945	0.0334446907500851	0.00174407645855469	1.59176394624767	0.319134863293699
"65"	64	120	0.0084262242649497	-0.05155955111889	-727.848769220874	"-0.05155955111889_0.151420511386843"	"0.5059871664827_0.4940128335173"	-0.04887898586599	0.0192448096117851	0.0123783469922907	0.15006017695978	0.0333808839499546	1.62248791516983e-05	0.831153553998198	1.61269992348792e-07
"66"	66	93	0.552755509765342	0.0163457488020851	-573.367509594779	"0.0163457488020851_0.14586624288546"	"0.50528726056925_0.49471273943075"	0.0183998482768851	0.0274338311996435	0.504092473922344	0.142674214946252	0.0405632462150115	0.000679209436091116	1.15711288355392	0.0143246366053182
"67"	67	102	0.00279038552792225	0.0972582371946683	-625.675119276615	"0.0659860940208442_0.0972582371946683"	"0.49999812693011_0.50000187306989"	0.0541753798548821	0.0348238393817602	0.122907955499562	0.108910825529238	0.0317299209386125	0.000868377515838796	1.17258410851941	0.292440679712366
"68"	68	121	0.009162247715622	0.0508385360259828	-781.293334214212	"0.0508385360259828_0.0963674455807972"	"0.501433874863423_0.498566125136577"	0.0573152078599635	0.0191923914871775	0.0034233124371974	0.0874876728577852	0.0245447861302329	0.000524452906742928	1.13725572485942	0.378048806903846
"69"	69	122	0.00654168196494403	0.0631249712224867	-777.2121541582	"0.0631151560130515_0.0631249712224867"	"0.499999999999991_0.500000000000009"	0.0519516198433057	0.0239988781117504	0.032370155191715	0.0737101360087221	0.0228114002569469	0.00158762286872554	1.16049479419583	0.573319647285525
"70"	71	104	0.542045297476826	0.0250100818441388	-637.406282180426	"0.0250100818441388_0.0847961430837534"	"0.500241348289834_0.499758651710166"	0.0156846908354906	0.0408822542167358	0.702024779258145	0.0934256006344076	0.0458922630373389	0.0443417543555102	1.30948597479751	0.281386355770098
"71"	70	111	0.00210579403423604	0.11914587034981	-674.629872371115	"0.0268485123814558_0.11914587034981"	"0.499868808901592_0.500131191098408"	0.0157170460310977	0.0350965712661811	0.655161777300188	0.132222164902618	0.0378292172924679	0.00068385978507713	1.64339771101261	0.0550482759734108
"72"	72	108	0.00359310082765419	0.0579063457373238	-676.328370560773	"0.0579024886749008_0.0579063457373238"	"0.499999999999987_0.500000000000013"	0.0341105406189896	0.0315833952526832	0.282563898996396	0.06892141569345	0.0194468969209297	0.000585509158942883	1.71065657108507	0.569080968107421
"73"	76	92	0.00216066423516131	0.0560337804463366	-586.679844068992	"0.0560337804463366_0.056034382113172"	"0.5_0.5"	0.0529756861988913	0.0177476133972815	0.00364233498896739	0.0589797585827103	0.0202468267549696	0.00450288114839993	1.40537370549369	0.918808122668934
"74"	73	113	9.75263282837673e-05	0.121606134376448	-722.87834247771	"0.0527739527447552_0.121606134376448"	"0.499489273337942_0.500510726662058"	0.061553503589733	0.0307855841079356	0.0479834096441257	0.114147056441678	0.0300851182877803	0.000240738621322399	1.36498250758533	0.315284887215791
"75"	75	112	0.84738541515996	0.00596846008865811	-698.798031241216	"0.00596846008865811_0.152883391582616"	"0.501345785494386_0.498654214505614"	0.0174129268790369	0.03093979650891	0.574705845978199	0.139594602941924	0.0404677378752422	0.000794825123707746	1.45850955892424	0.0314128723013187
"76"	74	112	0.884474104170551	-0.00368504231489659	-703.551132443976	"-0.00368504231489659_0.104368370551954"	"0.503961879474908_0.496038120525092"	0.00182044509157374	0.0253033689218593	0.942775332579771	0.0973233511487733	0.0387058668123741	0.0133557007820112	1.65188474439556	0.0862092393199392
"77"	79	82	0.00439808419452884	0.0737723376311658	-479.588894335792	"-0.00596787885392492_0.0737723376311658"	"0.448327114609173_0.551672885390827"	-0.000942878160688654	0.0555114451328618	0.986490117127386	0.0734309421860986	0.0251754556071767	0.004574553316019	1.19946774991118	0.273452552575122
"78"	78	112	0.322661600602603	0.023370725849775	-665.307046524162	"0.023370725849775_0.0991540642347694"	"0.507780397778225_0.492219602221775"	0.0318232499222754	0.0235253098582488	0.178892918476381	0.0903019191180293	0.0376339291247834	0.0180834992434839	1.70017610184636	0.350154146510363
"79"	77	93	0.531932161782467	0.0289834298729644	-543.746447027161	"0.012972939516606_0.0289834298729644"	"0.4996253000231_0.5003746999769"	-0.0329953832807879	0.0411744996251241	0.424991126468616	0.074384010073149	0.046193952031866	0.11076832323492	1.12992520674951	0.0980439141222698
"80"	80	102	0.000396572726904162	0.0672854410835373	-651.011432647035	"0.0672854410835373_0.0672958635535023"	"0.500000000000002_0.499999999999998"	0.0620748825592557	0.0183598412160527	0.00102804123083555	0.0728192346637747	0.0209720563155624	0.00076121365851781	2.97848570603985	0.984899214099497
"81"	81	82	0.361953882033901	-0.0306893754412841	-505.728543734374	"-0.0306893754412841_0.133150605714617"	"0.500670992325341_0.499329007674659"	-0.00205318299505061	0.0334733839569199	0.951241301370831	0.103451708534241	0.0400898735930845	0.0116704910023496	1.47991890562761	0.0796471005876238
"82"	82	107	0.000748149835301692	0.0953236191120869	-650.125362125928	"0.0953236191120869_0.0953277000179025"	"0.5_0.5"	0.0803334041643159	0.0274528393596727	0.0041981756934087	0.111763819434073	0.0323964436619144	0.000806137572042909	1.27682904817381	0.560868920827848
"83"	83	92	0.641868595321096	0.0148105989584894	-562.845745663912	"0.0148105989584894_0.10848419595853"	"0.502616308168734_0.497383691831266"	0.0183376111609658	0.0317384187394102	0.564844109701682	0.105565362829453	0.0349913634156139	0.00331108834220637	0.952599259447758	0.0604961594289676
"84"	85	94	0.725166696403014	0.00892515955793994	-577.800564067637	"0.00892515955793994_0.100596514991793"	"0.507815501868414_0.492184498131586"	0.0236540583719893	0.0253105482789496	0.352438758535434	0.0827624008111461	0.0405075214822848	0.0438684231834098	1.23696983243965	0.275421995001661
"85"	86	97	0.0833651485284266	0.0745078639076335	-566.074576703649	"0.0745046288225583_0.0745078639076335"	"0.499999999999999_0.500000000000001"	0.0570041059806635	0.0301455469307644	0.061644669546221	0.0998719051751328	0.0425831613388196	0.0210682317092391	1.01674700545734	0.417529983351122
"86"	84	108	0.123219242701544	0.0426699728866013	-672.802445793847	"0.0241379942395685_0.0426699728866013"	"0.497753695937822_0.502246304062179"	0.00588469165704064	0.0325760390278239	0.856988107382265	0.0575835955685976	0.0274642236266729	0.0383793398568492	1.45663125697859	0.343050098523611
"87"	87	95	4.22238147015032e-08	0.0912084832324515	-605.09339436251	"0.0912061825161066_0.0912084832324515"	"0.499999999999998_0.500000000000002"	0.0908945808449595	0.0153316986879681	5.0280821684269e-08	0.0923386933880299	0.0152831461912754	3.03782759432988e-08	1.32119824538592	0.980403614861395
"88"	89	113	0.00135891235453743	0.0935068912656387	-725.871401210299	"0.019498899188202_0.0935068912656387"	"0.499847556886336_0.500152443113664"	0.0372522177948146	0.0286289206344585	0.195857283804658	0.0751454033486389	0.0284593360845695	0.00946136979762652	1.01858426456073	0.354229500377032
"89"	92	90	0.344910891249416	0.030195822925918	-531.950049132271	"0.030195822925918_0.0302026115947157"	"0.500000000000001_0.499999999999999"	0.00943430966590449	0.0318000440129667	0.767405135114032	0.0499357566734684	0.0367723385732375	0.177905802171173	1.47510246477961	0.566191373636286
"90"	91	105	0.000177470823389842	0.0844321955231109	-683.834115181438	"0.0844321955231109_0.0844481023684449"	"0.500000000000006_0.499999999999994"	0.0779486285450042	0.0217089311544364	0.000505249176737717	0.0905050024929356	0.0246824679793813	0.00038897774517724	1.13984297495703	0.753953960172045
"91"	88	107	0.00885786591701061	0.0492005967526011	-684.754776464043	"0.0492005967526011_0.0975424389990587"	"0.510158910257574_0.489841089742426"	0.0524360386242176	0.0184492031324812	0.00537543524414549	0.0937540267112261	0.0276151579426524	0.000966600224456953	1.73893128791572	0.398097463732028
"92"	90	120	0.0148876267920162	0.0635355551756718	-721.956948798412	"0.0635292990524739_0.0635355551756718"	"0.499999999999994_0.500000000000006"	0.0357307414992277	0.0405296615610894	0.379773142826103	0.0791621052729089	0.0257119938207904	0.00258079398639114	1.36548075642172	0.487851871728933
"93"	96	97	0.722832627316802	0.00958362384625108	-619.399310498721	"0.00958362384625108_0.106066503366677"	"0.500766113608109_0.499233886391891"	0.0137981090439342	0.026941674181818	0.609724070306626	0.100511669212484	0.0324127664598279	0.00253214222204674	1.27139278944835	0.0574864094113058
"94"	93	121	0.849532221628948	-0.00607138348675015	-773.245442528158	"-0.00607138348675015_0.101903587390159"	"0.5002705506895_0.4997294493105"	0.00684106937616678	0.0319335964466158	0.830732889874555	0.0891297157581893	0.0318733695640971	0.00602061250395638	1.27911657094534	0.0972937507272621
"95"	94	102	3.18642881116973e-06	0.12563673624898	-640.711951841206	"0.0192537766270524_0.12563673624898"	"0.497465608535872_0.502534391464128"	0.0185578831406785	0.0292223084160261	0.526826178042148	0.12556049733103	0.0254658896440829	3.22601653294683e-06	2.16902574407135	0.0263626913983899
"96"	95	102	0.0211302541228376	0.0851597672965561	-602.058630613821	"0.0851597672965561_0.0851921168148553"	"0.500000000000026_0.499999999999974"	0.0517403741606349	0.0363582420234849	0.15779701725231	0.125889565557853	0.0392581437063087	0.00179851090136698	1.23003052294561	0.213762922548036
"97"	97	118	0.363952512680623	-0.029511613218435	-740.265727203218	"-0.029511613218435_0.121930252489721"	"0.501750211198041_0.498249788801959"	-0.0121985938667929	0.0323801132598123	0.707055859776041	0.101771243726064	0.0355365833944284	0.00496183903548616	2.06233629510009	0.063809836879711
"98"	100	90	0.404501544067588	0.0206800514379413	-557.190760762292	"0.0206800514379413_0.12342341938392"	"0.507246188953703_0.492753811046297"	0.0242532567583206	0.024689780799187	0.328605261667099	0.119452132402129	0.0344510830254693	0.000811782080415883	0.917822502352548	0.0215964085612084
"99"	99	104	0.00179778495142719	0.088241658216978	-614.732925944269	"0.0243018163705966_0.088241658216978"	"0.484891623524489_0.515108376475511"	0.0252527038109806	0.0394608897748744	0.52363086359801	0.0874939404146012	0.0275312261720987	0.00195818164840221	1.01553122744667	0.19940572655957
"100"	98	113	0.00237702248753647	0.0919899265483407	-695.368245772364	"0.017904807209513_0.0919899265483407"	"0.483246695781886_0.516753304218114"	0.00932457574238886	0.0306322363775638	0.761384982491411	0.0981130907010564	0.0295839252030375	0.00122965544644983	1.29348078854747	0.0554042171369223
