simNum	IVsNum	P_1	eff_1	eff_mean_minClass	sd_minClass	P_minClass	P_minClass_mean	eff_mean_maxClass	sd_maxClass	P_maxClass	P_maxClass_mean	corTest_1	CHVP_test	correct_factor	CHVP_test_correct	AIC_1	gamma_1	prop_1
2	117	4.60391923504159e-12	0.163542230817727	0.150158480941813	0.0264122775209076	9.37306743344239e-09	9.90964596884777e-08	0.175580640500833	0.0211967136510823	4.60391923504159e-12	2.3595155001965e-13	0.997812241644159	0.452852441133869	0.901460162310926	0.41354951363203	-752.439302701175	0.163486954042579_0.163542230817727	0.499999999999611_0.500000000000389	
5	100	1.37110826141934e-09	0.174854732549209	0.164308028759249	0.0244437253493351	1.49054850960999e-10	1.15771598126567e-09	0.187097662252231	0.0261525508571106	1.37110826141934e-09	1.48020487246278e-10	0.99940587135344	0.524366707675536	1.035588570679	0.538781935544191	-626.24640465854	0.174837134205392_0.174854732549209	0.499999999999989_0.500000000000011	
3	109	2.97765806991196e-12	0.175161831711058	0.156594022148506	0.0298301800187027	4.84228630990023e-08	7.69271621424235e-07	0.189663863283366	0.0222668726579537	2.97765806991196e-12	1.05884928012126e-13	0.998831803424963	0.374329722626018	0.930930340827856	0.349500638579237	-708.261483665053	0.175129301146769_0.175161831711058	0.499999999999979_0.500000000000021	
1	121	4.89207266341291e-14	0.190963144985835	0.160270630606609	0.0242823653836144	1.66205580058228e-09	1.17233663229248e-09	0.189991661819411	0.0223563271376485	4.89207266341291e-14	6.18019719046594e-14	0.0976561510087552	0.367877639715888	1.31080815231915	0.473053348654451	-786.058962116946	0.158553445161945_0.190963144985835	0.499871091633237_0.500128908366763	
4	118	6.44774252773864e-09	0.186785456516914	0.121664729458199	0.029663326713598	1.93534034305165e-05	7.61513931380512e-05	0.197490883860148	0.029819626787967	6.44774252773864e-09	1.12506162501522e-09	0.0134500698529196	0.0714245504299113	1.04328158882105	0.0758411296857748	-736.095732539034	0.132135808415898_0.186785456516914	0.498667847784828_0.501332152215172	
7	97	1.77520237022542e-28	0.206956641919679	0.206364486760074	0.0130879298778446	1.77520237022542e-28	2.16689084813154e-28	0.20647247334211	0.0131486116393569	2.44695499455485e-28	2.88123077733177e-28	0.999922008031837	0.995355760001777	0.859738181067009	0.989962941049158	-641.41566196874	0.206956641919679_0.206958985906432	0.5_0.5	
6	107	3.09630878827517e-13	0.177681756922331	0.166257294984939	0.0251874488618007	1.8638842934323e-10	1.66403685871722e-09	0.187774597742896	0.0213281130136527	3.09630878827517e-13	2.73570500249333e-14	0.999044279916006	0.514432857201717	1.00848956790892	0.517884838437316	-702.646557908703	0.177656305002558_0.177681756922331	0.499999999999977_0.500000000000023	
8	87	5.19653595711431e-11	0.249616096613762	0.155734739098981	0.0320342685436605	7.57546136191968e-05	5.19936369900636e-06	0.227820960219307	0.0332508961641059	5.19653595711431e-11	1.03876924276687e-09	1.04554958069158e-06	0.118460618706698	1.25934753270409	0.160522205102612	-548.187133304548	0.13318716511727_0.249616096613762	0.499915248650776_0.500084751349224	
9	98	1.07502055577601e-16	0.18837498516265	0.163010728674894	0.0247101491718076	1.90784926365405e-09	2.21773564719098e-09	0.18946945030997	0.0187541782553511	1.07502055577601e-16	8.04372211580204e-17	0.239318317740986	0.393700503128349	0.933506827549504	0.369122767652455	-636.38387493574	0.16380948516255_0.18837498516265	0.499649022935887_0.500350977064113	
10	99	1.64011775808593e-15	0.192222488989815	0.173207965858347	0.0213165983344873	9.07075666045221e-13	1.36850934892155e-12	0.196120684481404	0.02027972135507	1.64011775808593e-15	6.27445443091235e-16	0.432003928886846	0.436123015984182	1.11760809561214	0.480241583904152	-648.91238243383	0.174986505774181_0.192222488989815	0.49994336942899_0.50005663057101	
11	92	7.20511999465861e-22	0.171853070072373	0.171349929663255	0.0135274446708645	7.20511999465861e-22	8.55273121158333e-22	0.171673303203145	0.0136796171802272	1.3820201976752e-21	1.46990144782281e-21	0.999919114782207	0.986589324512263	1.09986204962762	0.991411319367287	-611.091768951504	0.171853070072373_0.171855712830878	0.5_0.5	
13	97	2.68387809179129e-20	0.176092656189791	0.17463923911143	0.0149783829552033	2.68387809179129e-20	4.29946144198858e-20	0.177718746249424	0.015653593397606	3.16782118661514e-19	1.91085855313582e-19	0.999763374737064	0.886969578069415	1.40360793421313	0.956436919973324	-634.791771614477	0.176092656189791_0.176099311945864	0.500000000000001_0.499999999999999	
12	98	2.26954702301851e-13	0.157369219482958	0.161410946629432	0.0185085170394312	2.26954702301851e-13	7.71153670378946e-14	0.191802778140951	0.0265335526615592	3.94453541261658e-11	1.12348396218321e-10	0.0786998554834453	0.347506464899939	1.08311840411215	0.37568326608938	-636.790487976194	0.157369219482958_0.197586944406362	0.501659869750808_0.498340130249192	
15	96	6.73331755134815e-17	0.179382437075043	0.17189934413148	0.0176166355906431	6.73331755134815e-17	5.44075332897659e-16	0.186386222248304	0.0213330955848793	4.10728553504223e-13	8.24809951847848e-14	0.999687391662252	0.60054197119628	0.834944593358949	0.526978610058148	-631.321508324439	0.179382437075043_0.179391366014261	0.500000000000003_0.499999999999998	
14	89	0.00959747091034247	0.0652362698395459	0.0672928053871525	0.0246369156016317	0.00959747091034247	0.00761982541269608	0.231080048900279	0.034762101954386	3.08703069372922e-09	2.40951712825712e-09	1.40072486942699e-09	0.000120989273970558	0.838823936857559	8.55739115629925e-05	-539.658083530536	0.0652362698395459_0.229171855003046	0.50575151579562_0.49424848420438	
16	106	7.39855768852641e-26	0.189567137287229	0.189850861174206	0.0142533122634041	2.97619195266867e-24	2.68914401813648e-24	0.190652586409543	0.0134953214060368	7.39855768852641e-26	4.98933376042742e-26	0.99976915319377	0.967419608657631	1.71823150841394	0.997613135468418	-684.436265240665	0.189560598465538_0.189567137287229	0.5_0.5	
18	109	7.06837866218973e-28	0.179203013556653	0.178780576210965	0.0125172856831182	1.05438325474439e-26	1.24538161307794e-26	0.179446262614139	0.0120561372014978	7.06837866218973e-28	6.40292357549473e-28	0.999902545918503	0.96944541113789	0.767570578396426	0.92946972776345	-721.998576641964	0.17920023641892_0.179203013556653	0.5_0.5	
19	94	5.51772764404172e-21	0.174243559492171	0.173211639762947	0.0142949635700496	5.51772764404172e-21	7.76133469016204e-21	0.175728009486354	0.0145042665264516	1.2667216712235e-20	7.81147710220816e-21	0.999884386227306	0.901659339099764	0.894781201134281	0.872807088807354	-616.705087686168	0.174243559492171_0.174247056946715	0.5_0.5	
17	98	4.86033695530885e-16	0.190231178377159	0.158722739225589	0.0277406948885267	1.37311173927184e-07	1.17235386203135e-07	0.188846157976507	0.0195288962704566	4.86033695530885e-16	6.91629507087754e-16	0.127180929806993	0.374575967641641	1.05701527040141	0.39475584016615	-634.828188918958	0.15772464024755_0.190231178377159	0.499417213957636_0.500582786042364	
20	98	8.36814163254672e-11	0.189120443931601	0.122786373631569	0.0330580473673919	0.000861452942879011	0.000340513939916078	0.180364340161109	0.0259417027888502	8.36814163254672e-11	4.17692025546135e-10	0.000847347607385807	0.170623679201523	0.856090053499278	0.141269879909489	-612.913230386167	0.113693622566663_0.189120443931601	0.497852360842329_0.502147639157672	
21	89	1.76395947185615e-07	0.166622827694734	0.167624295333304	0.0293714676826301	1.76395947185615e-07	1.52450378298187e-07	0.207792267248641	0.0304344314294354	8.16292931358748e-10	1.06450527917681e-09	0.0612942567682349	0.342269316953415	1.11959690292769	0.382324771482434	-562.684982871621	0.166622827694734_0.209564769295055	0.500196958659714_0.499803041340286	
22	107	4.60023654156854e-19	0.200485263213155	0.195645995440985	0.0183516669363574	4.60023654156854e-19	1.8052318556658e-18	0.205397873573288	0.0188175232821317	1.86472344280636e-18	4.82955395514928e-19	0.999657469348022	0.71062980354181	1.09438955393105	0.746019408457513	-709.170499995687	0.200485263213155_0.200494867272198	0.500000000000001_0.499999999999999	
23	99	1.05187164482045e-09	0.141112169462669	0.149077797198209	0.0209075587171685	1.05187164482045e-09	1.72602377529621e-10	0.207792384104041	0.0360268041598643	2.58154650115399e-08	9.37214404887036e-08	0.000904932940256398	0.158664259938638	1.36016873629673	0.232252546436449	-620.082683124528	0.141112169462669_0.218175787709568	0.507216426178056_0.492783573821944	
24	107	1.43022205075593e-12	0.222496802436128	0.150454013171618	0.0348470366110204	2.47852101658495e-05	3.56050737572656e-05	0.224791375575827	0.0277081971933052	1.43022205075593e-12	9.39682815592613e-13	0.00287135762874735	0.0949709064021659	1.10055355866061	0.1082144093099	-681.517586149094	0.153711956017287_0.222496802436128	0.498495242972246_0.501504757027754	
26	114	1.59876932519697e-29	0.179543561980434	0.179148820865711	0.0116581984199976	1.59876932519697e-29	1.89319015900584e-29	0.179799828164203	0.011282124504172	1.25208969082352e-30	1.12057647487551e-30	0.999928243167206	0.967991413202611	0.9527548885845	0.96210149281662	-780.241577363451	0.179543561980434_0.179545743814671	0.5_0.5	
25	114	6.15820945373188e-11	0.190424098147826	0.147266442171474	0.027766874945481	1.78037626706783e-06	5.70484044308736e-07	0.183232596681664	0.0263419345983194	6.15820945373188e-11	2.41141201595698e-10	0.0139107059285835	0.34737007255369	1.27618516860057	0.438901069021945	-729.399936238288	0.139961316160511_0.190424098147826	0.499922074793433_0.500077925206567	
27	105	1.65400679344194e-27	0.172183825812617	0.171423807914025	0.0115735275948903	1.65400679344194e-27	2.26401137084607e-27	0.171495087895541	0.0115285332982954	1.2527304383079e-27	1.66731476164787e-27	0.999944450649439	0.996518473448404	1.6060300353572	0.9999003996178	-705.751963558041	0.172183825812617_0.172185557972972	0.5_0.5	
28	107	1.10547442269507e-21	0.177664238101238	0.175690513366145	0.0146886340258831	1.10547442269507e-21	2.1996155193081e-21	0.18013952205976	0.0176930447807896	4.49935880539955e-17	2.17788784402314e-17	0.999843383223166	0.84658951016075	0.992537243385058	0.844270129642305	-702.945421978688	0.177664238101238_0.177668576025988	0.500000000000001_0.499999999999999	
29	116	3.93956808774554e-11	0.17485377523797	0.161591233117716	0.0239391871281386	3.93956808774554e-11	6.31948778835194e-10	0.190426205043855	0.0261837286906183	8.94336696940455e-10	4.61984335639761e-11	0.99835915482957	0.416354740638121	1.07672070345874	0.444828168322858	-750.852268802008	0.17485377523797_0.174895644804122	0.500000000000234_0.499999999999766	
30	120	2.97192864276052e-12	0.201933477362686	0.157856052083539	0.0286129565619349	6.96846472188573e-07	2.04439594874072e-07	0.195364816670937	0.0259648067172165	2.97192864276052e-12	1.11077564185387e-11	0.00888068721431967	0.331657192809125	1.09415336388169	0.362720291974038	-768.245725722441	0.149998477313395_0.201933477362686	0.499800502593812_0.500199497406188	
32	96	4.70477456751896e-11	0.183875026711953	0.171441588557382	0.0261273177263409	3.06723927433771e-10	2.78402283731804e-09	0.19781128469923	0.0247496862090683	4.70477456751896e-11	3.12238690065183e-12	0.997057640788148	0.463727787801034	1.19941746601685	0.538600978421982	-622.371217314093	0.183793325187309_0.183875026711953	0.499999999999754_0.500000000000246	
31	108	4.17129315939984e-10	0.219510363010422	0.15021413979087	0.0372945868566151	0.000106847119847167	0.000105522675277669	0.219988800451596	0.0318983527271787	4.17129315939984e-10	3.87761686000528e-10	0.00206644707106607	0.155088393303419	1.00413881419936	0.155886579063015	-672.434801734223	0.150088019847064_0.219510363010422	0.499722533327531_0.500277466672469	
33	106	1.61259245078136e-19	0.213178381369858	0.182627498034665	0.0259663758244096	2.48616144077329e-10	2.12815768307746e-10	0.211848610806347	0.0191180943353693	1.61259245078136e-19	2.30668349285998e-19	0.127279458451614	0.364821887082428	1.02649072863426	0.374103009085899	-694.046385916545	0.181798272552859_0.213178381369858	0.499236700881736_0.500763299118264	
36	109	2.15967349718167e-13	0.157804544261676	0.152230179671725	0.0188322437090696	2.15967349718167e-13	9.85716786871096e-13	0.161155818843133	0.0185288061643127	1.0603559427804e-13	4.17815999890795e-14	0.999490355236299	0.735477983872915	1.24860688002364	0.817350223802528	-700.931451646794	0.157804544261676_0.157818808714938	0.500000000000004_0.499999999999996	
35	124	2.27763308652803e-17	0.15880324503666	0.156747291030394	0.0165617036738733	1.34482358560719e-16	2.66807844758262e-16	0.161139205336941	0.0160281595495258	2.27763308652803e-17	1.0117187097532e-17	0.999694415629348	0.848871575574326	1.10632918332227	0.878325190284184	-794.669749253316	0.158795373013169_0.15880324503666	0.499999999999995_0.500000000000005	
34	102	2.92568067878876e-05	0.132202784803156	0.140190645275718	0.0301960780525981	2.92568067878876e-05	1.03700823022917e-05	0.227066070101702	0.0373704370290803	7.66159369859715e-09	2.19412773649236e-08	3.25513863774773e-06	0.0705757713849779	0.931357659264734	0.0638571207424461	-643.934289603494	0.132202784803156_0.235618944910088	0.500934055820559_0.49906594417944	
37	110	8.3029619903637e-12	0.17597038002876	0.163134522292811	0.0229860875985006	8.3029619903637e-12	1.35837297006076e-10	0.187323308753735	0.0227352475619566	5.28160329682346e-12	4.2119028051491e-13	0.995880163010091	0.454354144969917	0.892212784272521	0.411213514915621	-712.990732630298	0.17597038002876_0.176079737194949	0.500000000000817_0.499999999999183	
38	106	0.000109532947395068	0.106748499410532	0.109575233886944	0.0265504218859573	0.000109532947395068	7.38164898634113e-05	0.216789795201017	0.0330850163734942	1.68331238357743e-09	2.15365970607894e-09	6.17248403500525e-07	0.0114913110145618	0.901396147787306	0.00967885733165594	-664.732867824093	0.106748499410532_0.218502523926568	0.501160775630053_0.498839224369947	
42	98	1.69774317964975e-14	0.158033157829149	0.154082722346642	0.0175082607943689	1.69774317964975e-14	5.19760048349665e-14	0.162088209435612	0.0217849743649008	9.93744592718462e-11	4.06641737351977e-11	0.999930926477944	0.774544161888549	0.999559043286483	0.774382640681388	-619.263170264594	0.158033157829149_0.158035419500508	0.5_0.5	
39	109	8.89250941738202e-10	0.188586031563275	0.141993886511308	0.0313377496108498	2.09923400839384e-05	1.52151097522231e-05	0.184159141374733	0.0280659961917635	8.89250941738202e-10	1.90077412102546e-09	0.0205334672593689	0.316198206579721	1.04024597662396	0.329161218407553	-691.163941356016	0.139442738795527_0.188586031563275	0.499831340106022_0.500168659893978	
41	127	4.7918273572374e-15	0.196716493728599	0.149505136893775	0.0294438552146981	2.1448886564769e-06	1.33963833017023e-06	0.19126940273928	0.0220754129071246	4.7918273572374e-15	1.86901377777891e-14	0.00851870552178147	0.256422132229066	0.942290600818691	0.240215223611712	-820.909856048149	0.146310242436092_0.196716493728599	0.499331549530036_0.500668450469964	
43	82	6.73096865205761e-08	0.157576930942293	0.147491817707669	0.0265133317812933	6.73096865205761e-08	3.3231351397111e-07	0.169532480226344	0.0307410101171921	1.97011985149427e-06	4.05446618212592e-07	0.999534216420952	0.587172300906255	0.897613157245551	0.542797455630315	-511.162402412641	0.157576930942293_0.157591968596562	0.500000000000007_0.499999999999993	
40	131	2.2496501374113e-13	0.180479800789486	0.170538652367606	0.0230252996219318	1.45050322739257e-12	1.45338507422198e-11	0.191835099285697	0.0220649126063171	2.2496501374113e-13	1.3104145206893e-14	0.998821675390706	0.504266206583083	1.26699144225505	0.604280527922276	-860.572897095847	0.180450270057579_0.180479800789486	0.499999999999978_0.500000000000022	
47	100	5.10955104059224e-22	0.189020735821544	0.185738178456746	0.0165403581626643	8.69072185340305e-20	2.3279203178752e-19	0.191434672163803	0.0151573241037621	5.10955104059224e-22	2.35126641687071e-22	0.999877579872907	0.799564048038142	1.02753969959295	0.808973230098691	-662.70939995617	0.189017024075154_0.189020735821544	0.5_0.5	
44	111	2.25801499640807e-09	0.173071084394072	0.161016289778286	0.0265650650996668	2.25801499640807e-09	1.93534859322988e-08	0.198210557644482	0.0274448497308768	5.05490750545231e-10	7.05544772387721e-11	0.482438756425857	0.33016683373134	0.811543221649651	0.266932250594573	-713.05188533314	0.173071084394072_0.18727351035111	0.500000678659542_0.499999321340458	
45	127	6.43765861602795e-13	0.169702740101951	0.159913863814635	0.0220957367849111	3.90420913358951e-12	3.96184264194557e-11	0.179257874217712	0.0211745115385245	6.43765861602795e-13	5.55486953870802e-14	0.997599231767082	0.527333009967191	1.38398819218766	0.666131127043258	-834.224761372123	0.169644722257772_0.169702740101951	0.499999999999839_0.500000000000161	
48	103	7.54451344272744e-09	0.171240923531587	0.157637375954637	0.0271694770938052	7.54451344272744e-09	7.42010805101783e-08	0.185162576653327	0.0325293979638635	7.82646019980634e-07	1.21154535962552e-07	0.999633203430288	0.516056990773948	1.24778805062347	0.609668251356999	-642.748696993955	0.171240923531587_0.171251755346817	0.500000000000002_0.499999999999998	
46	103	4.00959462326012e-09	0.21259103540576	0.126223219533535	0.0338107711168326	0.000749267711328386	0.000311434700497999	0.201088984132945	0.0330199118449513	4.00959462326012e-09	2.01251315362518e-08	2.5610752666827e-05	0.113163194739766	1.18036924557334	0.141003942135456	-654.885619703807	0.117522510673107_0.21259103540576	0.499889260125596_0.500110739874404	
49	105	1.69252450647266e-19	0.205622256135131	0.198042084148424	0.0184164291991855	1.69252450647266e-19	1.39610573982636e-18	0.212720137823438	0.0211928256889583	3.09537580270055e-16	5.55226542712954e-17	0.999181917374566	0.601124389911718	1.25508979805066	0.696408288378062	-667.829088319903	0.205622256135131_0.205644278879465	0.500000000000024_0.499999999999976	
52	101	3.02904446312292e-13	0.156048642609382	0.156474906709734	0.0185654884042718	3.02904446312292e-13	2.70095538997948e-13	0.184288338065331	0.0259707530291246	1.22262767456086e-10	1.88228118573049e-10	0.153540245246303	0.383627351143831	0.907666783117774	0.349870852032356	-666.357004374882	0.156048642609382_0.186614635152852	0.500573080328517_0.499426919671483	
50	93	5.88731053540509e-07	0.148359994572561	0.154663971203946	0.0276290942096032	5.88731053540509e-07	2.22751057523954e-07	0.202084248356285	0.0306784869316405	1.04693682367634e-09	2.7403277445127e-09	0.00953254887068344	0.250729538129594	1.13202443829069	0.287308482164731	-586.890797440908	0.148359994572561_0.208507881646514	0.501009385111012_0.498990614888988	
51	110	9.54509451271924e-16	0.196906661047933	0.188950297374397	0.020771890606428	6.62230171217402e-16	4.9086404714532e-15	0.205866765807739	0.0209276185837638	9.54509451271924e-16	1.00548324587673e-16	0.999317738632101	0.566165572188266	1.06748453774784	0.593486960210641	-730.431707142053	0.196887877507841_0.196906661047933	0.499999999999999_0.500000000000001	
53	103	2.87298862742778e-18	0.162484625422546	0.161133553453061	0.0154047396863422	5.01057559822115e-18	7.81339504518372e-18	0.164673694017516	0.0152472931857346	2.87298862742778e-18	1.38487830577905e-18	0.999774317475534	0.870257273055011	1.29126700143824	0.931882908258928	-680.016746025393	0.162478189434747_0.162484625422546	0.5_0.5	
58	105	1.24970357522222e-24	0.173895107754844	0.17352667282139	0.0128694227817699	1.24970357522222e-24	1.43918766993714e-24	0.174589309968939	0.0124679946162377	1.47663275683103e-25	1.12652577733548e-25	0.999905410615945	0.952710066607958	0.740598422163775	0.89269327304796	-703.53525006418	0.173895107754844_0.173897899838108	0.5_0.5	
54	117	2.7168958336037e-08	0.145814328501827	0.143563054542799	0.0244464608251719	2.7168958336037e-08	4.17573528082509e-08	0.179558576066828	0.0246010544246871	4.99443010314603e-11	3.91430935732356e-11	0.13065589967003	0.299329089566081	0.888554058079865	0.264451825114523	-738.640639159613	0.145814328501827_0.178379718740267	0.500677118777367_0.499322881222633	
56	113	4.88185521762657e-09	0.152248833419514	0.140054724892633	0.0267163256379382	9.95693848873571e-08	7.55102109007706e-07	0.163936549015244	0.0239984301503553	4.88185521762657e-09	4.5999045706508e-10	0.998878633391781	0.506046831287309	1.13359221421618	0.558178943667185	-732.988928030313	0.152219378338202_0.152248833419514	0.499999999999964_0.500000000000036	
55	100	2.31619956299782e-12	0.227405737649414	0.131923337506729	0.0339197466199999	0.000232103182651657	0.000182180477589283	0.222667350834821	0.0284000422498165	2.31619956299782e-12	5.26543690153683e-12	4.28391526763328e-05	0.0402464724067063	1.04161414497063	0.0428122007905519	-623.339950313387	0.129609926708841_0.227405737649414	0.497875324686106_0.502124675313894	
57	101	6.14463282112363e-05	0.133011271611565	0.14334385678332	0.0317849708735426	6.14463282112363e-05	1.76931711389703e-05	0.204411610255988	0.0310855855288018	4.60833208868515e-10	2.22978230895391e-09	0.000199984738490144	0.16957327943128	0.983937238585945	0.166258142179277	-641.831840327138	0.133011271611565_0.214771229277334	0.500142779803526_0.499857220196474	
61	93	4.04262946727119e-19	0.203578683828736	0.195811566599278	0.0179868073226161	4.04262946727119e-19	3.18749269798751e-18	0.213582004832548	0.0248686973362459	1.4707958234524e-12	2.12437954401236e-13	0.999518801097092	0.562589762102499	1.25067043648919	0.657331577170438	-599.537339356625	0.203578683828736_0.203592614546468	0.500000000000011_0.499999999999989	
60	94	2.21735668391812e-11	0.200856557504138	0.163401537174517	0.0287258629573301	8.07928981915458e-08	1.47539914618281e-07	0.20403646856678	0.0264014740863036	2.21735668391812e-11	1.247766000952e-11	0.131176659911304	0.297640729826352	1.00767925576412	0.300026032432723	-609.694514139777	0.167366074676658_0.200856557504138	0.499952928676765_0.500047071323234	
59	114	3.35211416627733e-10	0.215503104736401	0.192374324492604	0.0312800153733368	3.35211416627733e-10	1.20117549538151e-08	0.240161065450416	0.0338899266841988	4.40081975847978e-09	1.25813441031909e-10	0.997210960355853	0.300127208437551	1.01486579811877	0.304768156237504	-712.236895873404	0.215503104736401_0.21557760910218	0.500000000000181_0.499999999999819	
62	103	7.74103358042051e-09	0.154784169016339	0.159183440887326	0.0245800124019764	7.74103358042051e-09	3.35756992215662e-09	0.212484941986644	0.0305098828847463	1.5350681782008e-10	3.29438113639025e-10	0.00505149355618695	0.173689124098518	1.27543403273938	0.233286488863113	-665.876257173274	0.154784169016339_0.217309709653228	0.501150177304816_0.498849822695184	
63	101	6.11164356657896e-09	0.206783081192821	0.183077846781727	0.0325155799728372	6.11164356657896e-09	1.65167636526891e-07	0.230686342890259	0.0364903709246966	1.3913388466972e-07	7.27552471173067e-09	0.996718620495856	0.33001790798446	0.971320168984419	0.320490433776592	-640.601763182255	0.206783081192821_0.206877869848153	0.500000000000547_0.499999999999453	
65	100	1.24224957035803e-10	0.177655420604494	0.164889902495379	0.0247067934877231	1.24224957035803e-10	1.45126702034388e-09	0.183505216098782	0.0178619040794407	1.43265537105307e-16	2.77047779015451e-17	0.999861249424738	0.541468978519398	0.933035993734174	0.513234393157759	-634.872055176127	0.177655420604494_0.177659950948913	0.5_0.5	
66	103	1.59429850056987e-11	0.180983156355781	0.166451675188449	0.0295457537318943	1.71570946452588e-08	1.57004611247601e-07	0.195156679147713	0.0238581746285872	1.59429850056987e-11	8.31117351956213e-13	0.999190104066408	0.449723836075144	1.19509059284773	0.522406431704058	-662.094108254674	0.18095996549512_0.180983156355781	0.499999999999975_0.500000000000025	
64	103	6.06516954191026e-10	0.249782000831169	0.101062273026948	0.0333463390101319	0.0144267493580915	0.00309251230594458	0.230591359343277	0.0365325389848545	6.06516954191026e-10	7.22725619504759e-09	9.76996261670138e-15	0.00882660822272568	1.16287532199489	0.0114817603105449	-626.506211320793	0.0830001051886177_0.249782000831169	0.498692823378883_0.501307176621117	
68	106	1.80748943749935e-14	0.201580328756665	0.124962387581543	0.0333461190681554	0.000499220587174659	0.00029241906608993	0.196491408085936	0.0226554444635198	1.80748943749935e-14	5.71664125055555e-14	0.000147185741648403	0.0760152741194078	1.04625181690196	0.0809982093646563	-686.261001492107	0.119813828814851_0.201580328756665	0.497928066904557_0.502071933095443	
67	107	5.53696741702668e-10	0.162931186131957	0.167617217501964	0.023856630443458	5.53696741702668e-10	2.13046029361049e-10	0.223393093645917	0.0308907318927015	3.18710755776974e-11	7.76248414585786e-11	0.00218272476476056	0.152994210141672	1.04319103530931	0.161279379127251	-688.4671104327	0.162931186131957_0.228950014216039	0.501339770912535_0.498660229087465	
69	105	4.28423659831535e-18	0.181955074877593	0.176812035623703	0.0172709706568685	4.28423659831535e-18	1.98186822504438e-17	0.185115779282301	0.0188482715359764	3.99192845060334e-16	1.68766379838578e-16	0.999763670412017	0.745320797809808	0.972461631273497	0.734595675626855	-668.397329026137	0.181955074877593_0.18196196944294	0.500000000000002_0.499999999999998	
70	108	5.25584845515305e-28	0.197613689022588	0.196518074801605	0.0131995526864213	5.25584845515305e-28	7.86979202932707e-28	0.198835903244311	0.013281479289474	8.22257449778144e-28	5.26417791169577e-28	0.999828726490273	0.901487476518518	1.03297946601361	0.909162836073392	-713.110561426013	0.197613689022588_0.197618197877905	0.5_0.5	
71	99	1.06509788866493e-15	0.193489731514396	0.184695663660828	0.0202290904236503	1.06509788866493e-15	9.34373062521564e-15	0.203516810041154	0.0237154753974452	1.15407839595823e-12	1.43432413498084e-13	0.998885932703618	0.545976342583132	1.17485496615686	0.613941116490722	-651.967310552335	0.193489731514396_0.193520390917764	0.500000000000066_0.499999999999934	
73	109	2.92986610775807e-19	0.169440080456316	0.164186969684993	0.0194754744699922	4.12944099960778e-14	1.66114206048291e-13	0.175083191482091	0.0154492728965152	2.92986610775807e-19	4.34747278369595e-20	0.999764782282919	0.661154697758568	0.782673179469742	0.561501118700154	-711.515690807215	0.169433643907717_0.169440080456316	0.499999999999999_0.500000000000001	
75	91	1.36958749338735e-20	0.160164572892087	0.159573758141352	0.0132617912088972	1.57460992696998e-20	1.93457324676678e-20	0.160442970195702	0.0132290508669495	1.36958749338735e-20	1.24230276787094e-20	0.999922982996332	0.962989166019326	0.956700310869935	0.957062552257044	-607.060914679205	0.160162046739343_0.160164572892087	0.5_0.5	
74	102	1.90118183919172e-15	0.163630661122736	0.161076437312146	0.0174111569608672	1.90118183919172e-15	3.99755671802793e-15	0.165926524072441	0.0190551011360522	1.1403228496769e-13	6.22970887092393e-14	0.999780637249825	0.850953123263128	0.878559750376321	0.809370177733936	-640.558431083901	0.163630661122736_0.163637285338298	0.500000000000002_0.499999999999998	
72	118	1.41580495398979e-10	0.208880243291262	0.148648164242361	0.0354501996372396	3.50878730887785e-05	5.37394430331233e-05	0.214590103454304	0.0296750320523556	1.41580495398979e-10	5.3433052204048e-11	0.0107459668530479	0.153766951552909	0.953946426880049	0.145009310301932	-739.681262913082	0.152559356950579_0.208880243291262	0.499669212898301_0.500330787101699	
77	89	4.65480472071737e-19	0.161248793817535	0.160490595881084	0.0141210705456787	4.65480472071737e-19	5.97090470842856e-19	0.161939741322481	0.0147476301158596	4.44874346360214e-18	3.5774977894694e-18	0.999912506283564	0.943418683782198	0.924624468494044	0.929051732590076	-598.468034455422	0.161248793817535_0.161251668695198	0.5_0.5	
76	93	5.66464249295162e-10	0.199923549468858	0.134570914108923	0.0310225073107669	6.00089607720149e-05	3.68129439975884e-05	0.19599628787223	0.0288522757770654	5.66464249295162e-10	1.0637652798985e-09	0.00282376575326149	0.147090406380893	0.991871777290889	0.145590410305533	-591.104972537512	0.130517812733716_0.199923549468858	0.499473524898828_0.500526475101172	
79	109	3.89421632412171e-15	0.135531614357247	0.14333518423822	0.0148055521108464	3.89421632412171e-15	2.47782277248008e-16	0.165362860155147	0.0225311946352709	9.92513307741705e-12	4.22827886798149e-11	0.084100928763382	0.413905309406527	0.858197479930773	0.359432698481487	-692.911407487451	0.135531614357247_0.171878818981482	0.504613550783626_0.495386449216374	
78	115	1.67583400763389e-30	0.198628799807488	0.19854099071794	0.0125664405611702	1.67583400763389e-30	1.7350827536693e-30	0.198667251347848	0.0124857116692795	1.00866654635833e-30	9.93568848974526e-31	0.999982791003598	0.99431314654536	1.47971998221281	0.999565540911784	-741.627875809848	0.198628799807488_0.198629283163961	0.5_0.5	
80	113	1.83278196110335e-16	0.177106056815987	0.17073938338903	0.0205831652934359	5.38426343108039e-14	2.70448652017159e-13	0.183453757139159	0.0183006926456498	1.83278196110335e-16	2.88535543412962e-17	0.999483370243171	0.644346929045946	1.10122847401559	0.684144793930616	-735.538556774736	0.177092628716685_0.177106056815987	0.499999999999996_0.500000000000004	
82	113	6.84630645251211e-29	0.181117215371296	0.181103055275016	0.0119512582888715	6.84630645251211e-29	6.88689497429908e-29	0.181106857992579	0.0119514778494309	6.84614893512666e-29	6.88552778639252e-29	0.999879660720834	0.99982048468366	1.26902861446267	0.999983151188215	-750.870305478276	0.181117215371296_0.18112059785433	0.5_0.5	
81	110	5.4590308038556e-09	0.215115214031281	0.141688860406881	0.0319107785223126	3.19770393392419e-05	2.16338830367649e-05	0.214235195882732	0.0339561090010816	5.4590308038556e-09	6.17170738053886e-09	0.000458727412839366	0.1194999053552	1.55536106021709	0.214064228742735	-697.478192943796	0.138495780517247_0.215115214031281	0.499942344271335_0.500057655728665	
84	112	1.17907472426651e-16	0.187475493785353	0.18076473997922	0.023151717410743	7.93683346816991e-13	3.5126282966073e-12	0.193799250759054	0.0191780127674198	1.17907472426651e-16	2.0470418546182e-17	0.999463725318821	0.664600885649307	1.28492198585802	0.76520131490166	-732.512343064205	0.187461544425826_0.187475493785353	0.499999999999973_0.500000000000027	
83	115	1.48130091013382e-08	0.14740863375091	0.151621063109716	0.0241594856111021	1.48130091013382e-08	6.47557439532472e-09	0.198950411066991	0.0328297271263299	1.04680169478171e-08	1.80017336968642e-08	0.00827676187777926	0.245585560231953	1.14204990683798	0.284406239957893	-737.751129065711	0.14740863375091_0.202720518061921	0.500399037415083_0.499600962584917	
86	92	7.68959767296403e-21	0.165540718856014	0.164312637480988	0.0135765761992626	7.68959767296403e-21	1.17253641355799e-20	0.166655627256131	0.0139852767762833	4.06720218416473e-20	2.80052938327527e-20	0.999935656776469	0.904319287049171	0.909097662391041	0.880187066905815	-610.5575878785	0.165540718856014_0.165542758757541	0.5_0.5	
85	110	2.91396327321057e-05	0.134575678575254	0.152204332046279	0.03083757445397	2.91396327321057e-05	2.89096837636358e-06	0.212220653026295	0.0301641726671365	9.54031628041714e-12	1.8411142968226e-10	6.08897712917056e-06	0.164139476235175	1.02576085721186	0.169349155347998	-703.186819222808	0.134575678575254_0.2300937389561	0.500239804905423_0.499760195094577	
87	113	4.99033878896313e-27	0.191488736734465	0.19011547262797	0.0143348951031558	6.39142197523901e-25	1.04789710111089e-24	0.192472639716561	0.0133878262699713	4.99033878896313e-27	3.43542441738969e-27	0.999779634343835	0.904344060893557	1.11184247708522	0.927660340211766	-740.305643901941	0.191482717114443_0.191488736734465	0.5_0.500000000000001	
88	107	8.56870633216504e-19	0.172277195488346	0.169659650254343	0.0164785535192305	5.27691099701335e-18	1.20199853105234e-17	0.175318997470361	0.0159447826893109	8.56870633216504e-19	3.18896235292472e-19	0.999799434743589	0.805054372092883	1.07662442679041	0.829901918192299	-698.538812237602	0.172271563863844_0.172277195488346	0.5_0.5	
91	93	1.42582610529415e-19	0.181976539436189	0.179800944915269	0.0157729563164414	1.42582610529415e-19	2.74725476746454e-19	0.184943665051829	0.0183026729803485	3.01157523269903e-16	1.37648607117498e-16	0.999851129228074	0.831445160879445	0.746914661122449	0.728281089866443	-610.989612021246	0.181976539436189_0.181981121779705	0.5_0.5	
90	96	2.67904126191593e-11	0.156877422630311	0.15872442283386	0.0207867604530482	2.67904126191593e-11	1.74839953912031e-11	0.192251891463573	0.0255902670525853	1.76635756351031e-11	3.15777717836686e-11	0.0881545969492987	0.309181509783624	0.993597465443957	0.30714248762029	-631.133918668268	0.156877422630311_0.195348860435888	0.500627179388235_0.499372820611765	
89	115	3.35990473371246e-14	0.185081037990626	0.176547600234512	0.0227150759328944	5.32484010946266e-13	3.71743493736354e-12	0.194101313447253	0.0213427425589164	3.35990473371246e-14	3.55760707019977e-15	0.998744009950944	0.573309491609178	1.05220562983585	0.594580361385687	-750.81029318384	0.185047919057907_0.185081037990626	0.499999999999989_0.500000000000011	
92	97	2.99593352033474e-11	0.193825542046745	0.180593148868418	0.026336621009176	6.33653985037209e-11	6.80111212620175e-10	0.207908930724964	0.0257967049453195	2.99593352033474e-11	2.12567526660022e-12	0.998072100243836	0.458722712898311	0.9672153737848	0.445759359796314	-622.882955155883	0.193771443256186_0.193825542046745	0.499999999999956_0.500000000000044	
95	85	2.6703506994395e-20	0.183005910895756	0.181930129942396	0.015290528922551	7.64039084670338e-20	1.04427425919154e-19	0.18279392602888	0.0149943423271768	2.6703506994395e-20	2.84294466845469e-20	0.999876126810239	0.967826223169152	1.1195411294333	0.979051073720647	-552.040492509913	0.183001964685925_0.183005910895756	0.5_0.5	
93	99	5.47880698077668e-12	0.238680937424872	0.124867109811752	0.0321425837009592	0.000689754356607591	0.00018614635685749	0.225558960017027	0.0304325407402522	5.47880698077668e-12	4.46117362892763e-11	3.17288553208783e-08	0.0229172166677009	1.0525100286929	0.0248737533490006	-631.727788469215	0.112665490955466_0.238680937424872	0.498093140399034_0.501906859600966	
96	103	5.34349701704826e-22	0.174341806037311	0.173210247746589	0.0141511983086635	6.57218785638774e-22	9.76834803219571e-22	0.174823205726991	0.0141041947005966	5.34349701704826e-22	4.50848996683167e-22	0.999750666715611	0.935656508753439	0.826293226961683	0.89422875087444	-676.345456594217	0.174334881409668_0.174341806037311	0.5_0.5	
94	111	0.00962855853257641	0.0876282944309506	0.112065109569493	0.0332559468616195	0.00962855853257641	0.00103822548869171	0.204612818646576	0.0353091514009328	2.66518278463373e-09	6.60932286226958e-08	3.1614710849226e-11	0.0563886248588049	0.871255309333786	0.0462532759490369	-690.03750630309	0.0876282944309506_0.228819226440116	0.500470670653779_0.499529329346221	
97	110	2.19866665482259e-12	0.172260036991028	0.163574477395616	0.0265352141845159	2.59725106688019e-09	1.21990558121566e-08	0.182476636874914	0.0217582690162219	2.19866665482259e-12	1.97119418691623e-13	0.999352282952303	0.581744974516536	0.875519213056312	0.52740314714474	-711.175979109587	0.172241789552566_0.172260036991028	0.499999999999992_0.500000000000008	
98	104	4.35580131820934e-10	0.159413943152078	0.146341699258846	0.0231057344203617	4.35580131820934e-10	6.36926835017294e-09	0.17289896935213	0.0272362650669158	5.67120245675081e-08	5.95111851742659e-09	0.995558562418652	0.457147901324723	0.894288765599763	0.414737760146832	-657.555869828758	0.159413943152078_0.159532098605647	0.500000000002134_0.499999999997866	
99	108	3.41654029210039e-15	0.172490890180018	0.166862019712231	0.0200282653473523	6.92007123476593e-14	2.92245864455438e-13	0.178847162151853	0.0187632718561108	3.41654029210039e-15	5.86368553150194e-16	0.999506392331134	0.662323662632018	1.1222067693208	0.709367507673619	-710.402912070035	0.172477550607643_0.172490890180018	0.499999999999999_0.500000000000001	
100	105	6.26454321944926e-10	0.172366555422827	0.130773169106281	0.0267143967948674	5.28906608501056e-06	3.60716053316283e-06	0.170167766371238	0.0252848096350873	6.26454321944926e-10	9.50703922709272e-10	0.0426473251689998	0.284167865784219	0.984158212114004	0.279391403183151	-691.00304548336	0.128284564775818_0.172366555422827	0.4999877587797_0.5000122412203	
