"simNum"	"IVsNum"	"P_largestGroup"	"eff_largestGroup"	"eff_mean_minClass"	"sd_minClass"	"P_minClass"	"P_minClass_mean"	"eff_mean_maxClass"	"sd_maxClass"	"P_maxClass"	"P_maxClass_mean"	"corTest_1"	"CHVP_test"	"correct_factor"	"CHVP_test_correct"	"AIC_1"	"gamma_1"	"prop_1"
"1"	91	2.53839668248275e-16	0.138908988570159	0.138460589788985	0.0138566841745961	2.53839668248275e-16	2.96322588517985e-16	0.138556710655411	0.0138923797545824	2.86726919599473e-16	3.24133541136211e-16	0.999873647658091	0.996091390328002	0.906195041982102	0.993345530119579	-596.369765438645	"0.138908988570159_0.138912894810852"	"0.5_0.5"
"5"	124	1.49702975979056e-17	0.12205500622172	0.121237282241105	0.0122260928511877	1.49702975979056e-17	2.17231159094275e-17	0.122401608567553	0.012936882118874	3.14191452654297e-16	2.71270254998971e-16	0.999883715773767	0.947846317073761	1.24072892797648	0.975387784791735	-827.217207307782	"0.12205500622172_0.122058224320287"	"0.5_0.5"
"3"	108	2.54698948866246e-14	0.133858585590577	0.131182201620368	0.0156160298727182	8.51231003203875e-14	2.05006601004054e-13	0.13509496905561	0.0152018980439044	2.54698948866246e-14	1.67241716081828e-14	0.999786254920102	0.857515280339835	1.07204820593442	0.877468906081323	-717.9152457493	"0.133852752508801_0.133858585590577"	"0.5_0.5"
"4"	111	3.58016455988894e-06	0.118391982723112	0.105130597483286	0.0257011881601617	1.11493870089473e-05	8.22567920982835e-05	0.131119897793818	0.0242503721369074	3.58016455988894e-06	3.7678936824534e-07	0.998351502550236	0.462040457194757	0.840865407652847	0.397141049553596	-714.836362140363	"0.118349145062996_0.118391982723112"	"0.499999999999936_0.500000000000065"
"2"	109	0.192400718873347	0.0381202972065999	0.0487351493045138	0.0290616065578789	0.192400718873347	0.0964425013336723	0.178518978040521	0.03248718734884	5.52654966503764e-08	2.62749166626958e-07	2.75024447660144e-12	0.00290657349131444	0.964095462844674	0.0027210542787308	-683.353192240336	"0.0381202972065999_0.189787785177567"	"0.501739170736125_0.498260829263875"
"6"	113	4.9738240534224e-14	0.109881669063017	0.108689882285206	0.0132493061919574	2.73305992214426e-13	4.35734704150389e-13	0.110031970968216	0.0127489651088324	4.9738240534224e-14	4.67533913018504e-14	0.999854010058551	0.941813009793089	0.851257190545312	0.909559133964159	-752.943167259291	"0.10987757101831_0.109881669063017"	"0.5_0.5"
"10"	109	9.6355348153037e-09	0.111355368153831	0.107560777773789	0.0190245727441622	5.26168184744364e-08	1.29487109780747e-07	0.115015967102979	0.0179044061467741	9.6355348153037e-09	3.66901492657806e-09	0.99961953879806	0.775361515876582	0.781109723330886	0.68100540902605	-699.107601558918	"0.111344959658471_0.111355368153831"	"0.5_0.5"
"7"	113	0.000389880125440984	0.12171472507998	0.0850190557380599	0.0337629014953217	0.00465282098474582	0.0132113522119975	0.135420984835757	0.0332794979568942	0.000389880125440984	8.81441062928515e-05	0.272728015195443	0.287706412972465	1.11643756588486	0.32295458042215	-722.817321862663	"0.0975116476136356_0.12171472507998"	"0.499999541016139_0.500000458983861"
"9"	110	3.20183317873707e-08	0.137722495098381	0.115163136062077	0.0269191080964472	1.06246704706535e-05	4.06201004820879e-05	0.145822910524976	0.0231200453331019	3.20183317873707e-08	6.22957082864274e-09	0.513873822919418	0.387574570230453	1.06055172254656	0.409368452173908	-720.660333884406	"0.124334241575272_0.137722495098381"	"0.499991468054011_0.500008531945989"
"8"	109	1.73293787607102e-06	0.14686453187574	0.0680421848361502	0.0303587080354247	0.0478941531290388	0.0270534735805395	0.138169736400247	0.0290259170722696	1.73293787607102e-06	6.03612153349684e-06	4.62737592124007e-05	0.094992541773711	0.987205480311217	0.0933498878795282	-690.626491657041	"0.0607496454209135_0.14686453187574"	"0.499923324918514_0.500076675081486"
"11"	96	5.0081516671154e-06	0.115232456685665	0.104939012329539	0.0238062616257566	5.0081516671154e-06	2.74379547435024e-05	0.12597686535523	0.0252220006673576	1.47166186276384e-05	2.67358619139415e-06	0.999724141171159	0.54412889734108	0.738453930852146	0.426551494158078	-620.459456366679	"0.115232456685665_0.115240570335893"	"0.500000000000003_0.499999999999997"
"12"	116	5.23191902280058e-09	0.106528945560701	0.100741813298085	0.0168666227409368	5.23191902280058e-09	2.66075452856217e-08	0.110394172436011	0.0176004789530968	1.82415855961479e-08	6.45196963524643e-09	0.999550855664004	0.692138591072879	0.80684481635112	0.605286008915031	-765.74326180652	"0.106528945560701_0.106540696570132"	"0.500000000000001_0.499999999999999"
"13"	91	1.02358652068445e-07	0.177553786135311	0.0768782752912982	0.0336903023097002	0.0761683144141026	0.0248524012055043	0.162828930204289	0.0306743293844821	1.02358652068445e-07	7.90106926413753e-07	5.38432452845683e-07	0.0592370614069185	0.724178359736669	0.0376128417951315	-569.852161052919	"0.0604410231559371_0.177553786135311"	"0.498964540503608_0.501035459496392"
"15"	105	2.03138398212392e-08	0.155472368835195	0.140853727913264	0.0256836724630793	2.33678734802578e-08	2.93233651115163e-07	0.169526001438014	0.0255793188036667	2.03138398212392e-08	1.55119171838299e-09	0.994364485511055	0.428948454053882	0.878912570743088	0.381706089247857	-670.784240948744	"0.155323533287099_0.155472368835195"	"0.499999999999002_0.500000000000998"
"16"	112	1.03478106842893e-12	0.113681516842574	0.112827328089147	0.014129490660605	1.03478106842893e-12	1.41293956648767e-12	0.115343070632663	0.0147023496004372	5.1585314507543e-12	2.9005636548382e-12	0.999748979148538	0.901811062697933	0.769718781657066	0.828122917988089	-733.519729468456	"0.113681516842574_0.113688304034202"	"0.5_0.5"
"14"	108	0.000110081283120479	0.116987297097337	0.0949655501784685	0.0291281319107003	0.000110081283120479	0.00149312752420099	0.140556931057201	0.0309949179999683	0.000259453086823306	1.51093529957613e-05	0.994856857031018	0.283772460107544	0.967997715632346	0.274129646683229	-680.160435394105	"0.116987297097337_0.117127058485273"	"0.500000000001618_0.499999999998382"
"17"	99	0.0060101943802062	0.0787944137938851	0.0839521950943523	0.0280570696651757	0.0060101943802062	0.00350439145215591	0.132034367763543	0.0303760875114542	1.90268428477977e-05	3.38161639230704e-05	0.0106756827044228	0.244918305008481	0.749904259825352	0.177569597801787	-628.604737673308	"0.0787944137938851_0.136564755879415"	"0.500795990712175_0.499204009287825"
"19"	121	2.94095015831664e-19	0.143892309635615	0.142268954339619	0.0143396790041417	1.42006641849869e-17	2.64274907086233e-17	0.145663560593695	0.0134017137249239	2.94095015831664e-19	1.41750765075651e-19	0.999781561834862	0.862688388034605	1.10416030902555	0.890064223941629	-800.728315834305	"0.143886488722119_0.143892309635615"	"0.5_0.5"
"18"	116	1.31001181436426e-07	0.125722515057138	0.0886016437805672	0.0240062481701573	0.000831345001971406	0.000343251522449819	0.117342705843855	0.0223420320295545	1.31001181436426e-07	6.98212954335017e-07	0.0331241962579534	0.38081039087638	0.780859673865058	0.299864139961074	-746.441369410075	"0.082406787475026_0.125722515057138"	"0.499472677710299_0.500527322289701"
"20"	116	1.14474081182413e-11	0.162016998388808	0.151743445124756	0.0214701247865091	1.14474081182413e-11	1.30012215061396e-10	0.173455222353121	0.0255206627202619	4.46412269734626e-09	5.01999633526202e-10	0.999510974383771	0.515037604552692	1.04717639189006	0.534003341572933	-739.087488311385	"0.162016998388808_0.162030391344509"	"0.500000000000007_0.499999999999993"
"21"	118	8.6686122693373e-07	0.115142331623853	0.0599652701466346	0.0279395207241571	0.0610913388213878	0.0339180749146532	0.108897434235088	0.0221534536196659	8.6686122693373e-07	2.91212198409251e-06	0.00249705024293245	0.169964591549921	0.716974671621921	0.113605046771891	-745.641822110718	"0.05283489164434_0.115142331623853"	"0.497861660552539_0.502138339447461"
"22"	108	0.00899437709555438	0.0724106362803297	0.0763941861309314	0.0272133318892777	0.00899437709555438	0.00593930116206096	0.163077988096006	0.0334169938926153	2.30893528785963e-06	3.72014997693027e-06	4.28768050930728e-05	0.0442817344639284	0.856005090421724	0.0352181001666466	-677.942236860872	"0.0724106362803297_0.166898246813542"	"0.502337345726924_0.497662654273076"
"23"	102	0.0001077628973877	0.0980292412183141	0.101451596340103	0.0243171094491337	0.0001077628973877	6.39995008849095e-05	0.138318036623858	0.027067952282927	8.56340291860033e-07	1.52787240031474e-06	0.0742199795913279	0.310972760298818	1.03583455768957	0.322400495681052	-636.847237945124	"0.0980292412183141_0.142020767820458"	"0.504315684244338_0.495684315755662"
"25"	113	0.000135109596922613	0.0898668219520616	0.0901096957998544	0.0227291583460814	0.000135109596922613	0.000129913866195841	0.125382442280371	0.0259931958524432	3.49443235745302e-06	4.47892399904525e-06	0.0681271998826469	0.307000611679133	1.22427802556682	0.377101513029751	-733.892793253561	"0.0898668219520616_0.126931191638041"	"0.500299221711455_0.499700778288545"
"24"	113	0.000889045168580165	0.107217038603133	0.114443698261384	0.0313954461541206	0.000889045168580165	0.00040665638543466	0.185109575495996	0.0331573071137866	6.47927701846425e-08	1.67348862849024e-07	5.64079725402511e-05	0.121727592040273	1.30129044825636	0.171955897032088	-711.10515704789	"0.107217038603133_0.192040089417327"	"0.500852872758883_0.499147127241117"
"26"	118	2.61384905224892e-06	0.107374533085982	0.11079084207141	0.0217308523319648	2.61384905224892e-06	1.3335398798931e-06	0.133830727769018	0.0207873594371599	1.77929209254528e-09	2.77778486281749e-09	0.144833372116051	0.44358745168142	0.950598988732976	0.424265186410687	-760.906769997367	"0.107374533085982_0.135729402379249"	"0.500162098463338_0.499837901536662"
"27"	89	7.29202515519871e-11	0.140331562447234	0.13861158986388	0.0189373214002158	7.29202515519871e-11	1.11098423292798e-10	0.142705457054235	0.0176689200024393	6.06724643196658e-12	3.23202049179028e-12	0.999783937417842	0.87440634299447	0.939461814379424	0.856468480510555	-565.918637400624	"0.140331562447234_0.140338364804735"	"0.500000000000002_0.499999999999998"
"28"	103	1.42187549137763e-07	0.13032746665031	0.123592160894338	0.0230419898978816	1.42187549137763e-07	5.10852568522793e-07	0.135660606515503	0.0205633558801127	6.39575262050625e-09	1.89875230533691e-09	0.999740902706698	0.695963991967982	1.11813776312519	0.740303505518272	-652.193711755096	"0.13032746665031_0.130335297903784"	"0.5_0.5"
"29"	115	1.0947739034341e-10	0.173320955264682	0.112538172579766	0.0306826098458212	0.001511212080936	0.00037328920761282	0.16040473272	0.0243838349598703	1.0947739034341e-10	1.50474504973393e-09	0.000343227817080294	0.221956372816375	0.841248636517762	0.182109214350043	-730.276434740376	"0.0997564537341011_0.173320955264682"	"0.497384335266166_0.502615664733834"
"30"	106	4.86464447406436e-17	0.156601761322837	0.15301834004365	0.0173998451067298	1.07020442833962e-14	3.07267449380186e-14	0.159669359265829	0.0155905263218211	4.86464447406436e-17	1.75860350272337e-17	0.999665531541249	0.775885862596283	1.21738748169185	0.843578871391587	-692.853954137803	"0.156592787109224_0.156601761322837"	"0.499999999999999_0.500000000000001"
"31"	88	4.3394763861251e-08	0.124908248639276	0.117860594359031	0.0208044476724249	4.3394763861251e-08	1.86709362233358e-07	0.132540153395306	0.0215004088426338	1.00359671765222e-07	2.14886942315311e-08	0.999518587196204	0.623668247667842	1.0255237822632	0.634145475818946	-569.795068789457	"0.124908248639276_0.124922007319918"	"0.500000000000001_0.499999999999999"
"32"	97	1.44828654818447e-08	0.127835443843129	0.117988635023777	0.0260348500370487	3.73381547437219e-06	1.68413679832066e-05	0.137210783486373	0.0206357036557629	1.44828654818447e-08	1.796846866711e-09	0.99965804257911	0.56285131461364	0.790823378074266	0.469375088497075	-608.658694344767	"0.127825379033307_0.127835443843129"	"0.499999999999992_0.500000000000008"
"34"	96	8.18144036769978e-11	0.101620413462956	0.101740355640947	0.0135396112505404	3.27519693908427e-11	3.13397742691867e-11	0.102208221322941	0.0138950627808292	8.18144036769978e-11	6.68777071584579e-11	0.999847286535882	0.980760317377924	0.874196566851623	0.967876160631685	-629.213110195786	"0.101615812327101_0.101620413462956"	"0.5_0.5"
"35"	101	3.46464094013835e-07	0.109753698866679	0.102144113605741	0.020098082522418	3.46464094013835e-07	1.73928974715037e-06	0.117419077149054	0.023841570672914	1.22106969405051e-05	3.340167637637e-06	0.99956563025501	0.624236056618929	1.18430798296449	0.694574197873019	-658.660684436091	"0.109753698866679_0.109766065145604"	"0.500000000000004_0.499999999999996"
"36"	108	7.19817561077637e-17	0.124833667833183	0.124958821039712	0.0123725627940021	3.20115218462242e-17	3.03213870645488e-17	0.125451352711273	0.0125662862437694	7.19817561077637e-17	5.56955765853382e-17	0.999881338679164	0.977718560024679	1.20617307952425	0.990164524255778	-725.013446777991	"0.124830239605366_0.124833667833183"	"0.5_0.5"
"33"	127	2.3325950820896e-08	0.139032566513782	0.127201878591667	0.0228885067829373	1.37888168003079e-08	1.55801386253015e-07	0.151633887510452	0.0233173613224994	2.3325950820896e-08	1.67090206932015e-09	0.99802361898012	0.454608976784595	1.07092949890571	0.48190710224223	-824.555833156061	"0.138984792190995_0.139032566513782"	"0.499999999999991_0.500000000000009"
"38"	113	6.18836701348098e-14	0.129612877015835	0.127320969885333	0.0151112808543264	6.18836701348098e-14	1.36908949199815e-13	0.132487625665545	0.0160518514339855	8.48398918309265e-13	3.35457229074537e-13	0.999786410392354	0.814704583307712	0.800931606643195	0.734947250348773	-754.132685363929	"0.129612877015835_0.12961876444726"	"0.5_0.5"
"37"	113	8.20537515292406e-20	0.150509098621524	0.149787770743266	0.0131653372329201	1.58837363126202e-20	2.12214782701365e-20	0.150948258294457	0.013530946415291	8.20537515292406e-20	6.90286364035452e-20	0.999865551321123	0.950984822431533	0.86692711278485	0.925574972226665	-750.74584640293	"0.150505267751203_0.150509098621524"	"0.5_0.5"
"39"	111	9.17296372525249e-14	0.126230195694578	0.12474428985177	0.0148098520733787	9.17296372525249e-14	1.54485513092531e-13	0.128457857760378	0.0148495242776783	1.03062555177033e-13	4.72853794843044e-14	0.999801771350502	0.859453733604558	0.760053734085788	0.769003977688165	-720.596124348211	"0.126230195694578_0.126235656487921"	"0.5_0.5"
"40"	113	4.61729684492914e-06	0.12773829049331	0.113501489250423	0.0265219108840308	4.61729684492914e-06	3.96524260526729e-05	0.144569870047626	0.0269215163520125	4.38476999657047e-06	4.31532214429504e-07	0.915022005176234	0.411017261838575	0.798048757926416	0.333041849059607	-723.419828387849	"0.12773829049331_0.129998098891975"	"0.500000001280399_0.499999998719601"
"41"	104	1.08929007482466e-08	0.129916468506033	0.122585720547267	0.0209671996054027	1.21160775340065e-08	5.95420380923588e-08	0.14030823661677	0.0208932357511244	1.08929007482466e-08	1.05086028782012e-09	0.999154128610465	0.549348407462107	0.905705077191903	0.509089777435804	-671.800557521343	"0.129894145023702_0.129916468506033"	"0.499999999999982_0.500000000000018"
"42"	81	5.46708331010002e-13	0.134513893464459	0.132904424753076	0.0156483562768305	5.46708331010002e-13	8.70782926833588e-13	0.136442903536874	0.0167049266004075	6.3783681588193e-12	3.79175832493234e-12	0.999856668721621	0.877144447997794	0.806719621338677	0.811626854138864	-530.368606364582	"0.134513893464459_0.134518666663423"	"0.5_0.5"
"44"	112	2.1897206542987e-11	0.110966870221919	0.109835660616665	0.0148988375064029	2.1897206542987e-11	3.21138780742291e-11	0.112586570869453	0.0152754213267443	5.49987937828951e-11	3.23828414844278e-11	0.999661401887173	0.897420788519655	0.685940649513212	0.783600002415117	-736.860180724765	"0.110966870221919_0.11097602725395"	"0.500000000000001_0.499999999999999"
"43"	98	0.27210428310139	0.0381205546638403	0.0591008875614984	0.0345135457771799	0.27210428310139	0.090018678354113	0.169015827505851	0.0387186221142596	3.78253377691973e-06	3.17615348890563e-05	5.1698645364695e-11	0.0340805389097533	0.880935091247305	0.0281247807663005	-599.124995425685	"0.0381205546638403_0.189857597940567"	"0.501146147909405_0.498853852090595"
"46"	111	1.14684595786263e-09	0.122795655297185	0.117833119620892	0.0184506036130549	1.14684595786263e-09	4.17813964704958e-09	0.127887321939058	0.0205449270794097	2.85377174137906e-08	8.9908088662747e-09	0.999489301552244	0.71578229593934	1.24382311206825	0.798775322584771	-719.887272913897	"0.122795655297185_0.122809255855852"	"0.500000000000004_0.499999999999996"
"47"	84	0.030010274664436	0.0734332110306963	0.0876335652831232	0.0332593669295439	0.030010274664436	0.0100412115446062	0.167721291412109	0.0364708788596319	2.89778828076731e-06	1.50730946935642e-05	2.09170670673053e-06	0.104684392287469	0.565001570548475	0.0500592829430028	-527.18328176353	"0.0734332110306963_0.1831091812351"	"0.500210576752506_0.499789423247494"
"45"	108	1.75494493142268e-05	0.0982046290292884	0.098384962132197	0.0218375819234916	1.75494493142268e-05	1.69857255052151e-05	0.124507947959215	0.0236122817332918	7.40750011432159e-07	7.04125342090143e-07	0.207825473295314	0.41666463697524	0.746030955665991	0.317060319616611	-701.177800138996	"0.0982046290292884_0.124230914704377"	"0.50014924612798_0.49985075387202"
"48"	116	1.44982905131601e-20	0.132726794102916	0.132311380933168	0.0116597783884942	1.44982905131601e-20	1.75696347973912e-20	0.13231561440842	0.0116600704426429	1.44972289340552e-20	1.75621647189041e-20	0.999874211537928	0.999795154537201	0.996318404587254	0.999788540214755	-769.608607197143	"0.132726794102916_0.132730276976924"	"0.5_0.5"
"49"	100	1.5640039824889e-09	0.146396642770522	0.108840513775512	0.0277639471479607	0.000662351294026957	0.000163083863065715	0.135747317451301	0.0219882587340358	1.5640039824889e-09	1.4754646674165e-08	0.0285396623518852	0.447417444953079	1.08298698967848	0.479083971674432	-643.830552592613	"0.0976222544422493_0.146396642770522"	"0.498796053904567_0.501203946095433"
"52"	115	5.89141323788711e-13	0.121919893816413	0.120246984718697	0.0150104777974377	6.05129206747417e-13	1.07970377202878e-12	0.123855776721412	0.0150016179368506	5.89141323788711e-13	2.99998007730735e-13	0.999821376892674	0.864969622851307	0.78630847829242	0.787854533308881	-763.448285556895	"0.121914900530035_0.121919893816413"	"0.5_0.5"
"50"	111	0.000459787452772654	0.0898613499809206	0.0932651881152831	0.024880265050096	0.000459787452772654	0.000285284148148125	0.134212622769504	0.0292442639804195	8.49243707812907e-06	1.18640184038189e-05	0.0254113230628121	0.286220314676312	0.79438746667067	0.223824009431975	-703.117215932397	"0.0898613499809206_0.136633010875637"	"0.500418927023551_0.499581072976449"
"51"	108	3.27481042101623e-06	0.144431059957318	0.0818231675322796	0.031224620913066	0.0225940511821925	0.0100577181846864	0.135939415195677	0.0294109172350878	3.27481042101623e-06	1.06641085079526e-05	0.000660838430998734	0.207093214545906	0.979779520795178	0.202228907271367	-688.439141485296	"0.0722451110811227_0.144431059957318"	"0.499844720799241_0.500155279200759"
"53"	101	1.18497338203024e-10	0.119003776841706	0.117072862214149	0.0164972549489779	1.07060696625957e-10	1.87766711907601e-10	0.121698147459008	0.0165465715814029	1.18497338203024e-10	5.38625563250705e-11	0.999725112886771	0.8430816176473	1.01914070534802	0.848949411107337	-650.990234437412	"0.118995826473782_0.119003776841706"	"0.499999999999998_0.500000000000002"
"56"	88	1.16616968646018e-14	0.115063144652747	0.114592621608832	0.0123911230453791	1.16616968646018e-14	1.39484983167014e-14	0.114594018620184	0.0123910584710414	1.16530567865352e-14	1.39379163185369e-14	0.999962665104646	0.999936391455141	0.83312189676533	0.999674580655955	-600.798817736479	"0.115063144652747_0.115064492646551"	"0.5_0.5"
"55"	115	1.54289911827164e-15	0.121786308311054	0.121563583941403	0.0133765084270889	3.37721016618997e-15	3.68593941337781e-15	0.123065142592388	0.0131646660513084	1.54289911827164e-15	9.17838517342264e-16	0.999883909880424	0.93623237112593	0.868555168162801	0.906942127601272	-761.576694334544	"0.12178303797818_0.121786308311054"	"0.5_0.5"
"54"	123	3.68870167140375e-11	0.127446895568954	0.120690942130025	0.0202572888608899	5.13291867863589e-09	2.53810643732407e-08	0.133493721828959	0.0175219674123475	3.68870167140375e-11	6.11621507199705e-12	0.999524915436332	0.632648150093916	0.789698222091158	0.536571947605224	-812.450989456998	"0.127434961164769_0.127446895568954"	"0.499999999999997_0.500000000000003"
"57"	114	7.62007353134212e-10	0.112045952099421	0.10730703392442	0.0166666489554446	7.62007353134212e-10	3.03517522037761e-09	0.116563723991398	0.0195340776615436	8.20844141512214e-08	2.83179889051162e-08	0.999558094186833	0.718479451225469	0.839025356541307	0.648391023414687	-735.078954581749	"0.112045952099421_0.112057204477296"	"0.500000000000003_0.499999999999997"
"58"	104	1.13637500415836e-05	0.15972852222511	0.0700233187636678	0.0329025499969808	0.0470346271841862	0.0357056909397715	0.156548241915727	0.0346105195610105	1.13637500415836e-05	1.63573009408382e-05	3.73208215300735e-05	0.0700047380509419	0.882287694425937	0.0587276221334876	-660.477817005153	"0.0661375458259118_0.15972852222511"	"0.499681890953731_0.500318109046269"
"59"	95	1.2484881286661e-10	0.13462422046472	0.128920726727876	0.0219597958852784	2.04560903709728e-08	6.49126118128104e-08	0.142135478727859	0.0186104582295112	1.2484881286661e-10	1.827125667098e-11	0.999792034545207	0.64617447770011	1.08429188180419	0.6795603019756	-612.837919751741	"0.134618282824833_0.13462422046472"	"0.499999999999996_0.500000000000004"
"62"	92	1.33181446083292e-15	0.15350282622765	0.151812338004607	0.0164152077539729	5.8187395783443e-15	9.54586770124128e-15	0.156181834313259	0.0158957110968448	1.33181446083292e-15	5.91395605791646e-16	0.999842003053827	0.848350604397067	0.935060150352894	0.827142887570052	-601.938446163648	"0.153497883131408_0.15350282622765"	"0.5_0.5"
"60"	103	2.87184040544313e-06	0.145864604905944	0.13455683703744	0.029432973809005	2.87184040544313e-06	1.36246499089391e-05	0.15785447543889	0.0293827830026583	2.76723767494209e-06	4.92294191122117e-07	0.999501782432823	0.575351871904718	1.14964053733631	0.634070512559692	-660.308198601907	"0.145864604905944_0.145878876859228"	"0.500000000000003_0.499999999999997"
"61"	102	1.61332603445273e-12	0.182388215287457	0.109328057044881	0.0339434167884021	0.00247905676036819	0.00171980497848933	0.17667447382318	0.0226341312571236	1.61332603445273e-12	5.64463071960116e-12	0.000595028611658943	0.0987922896153432	1.40773767560105	0.157684258298383	-649.379094384199	"0.105351571334455_0.182388215287457"	"0.496228339180924_0.503771660819076"
"64"	108	2.54214620682894e-06	0.127829956830284	0.132207486319111	0.0257127144949991	2.54214620682894e-06	1.23766436400042e-06	0.175293782016593	0.0298768333588274	2.81563512764698e-08	5.01713992135373e-08	0.0152431270501925	0.274365302789651	0.924863637290657	0.252235975655582	-691.845399640487	"0.127829956830284_0.179060648894555"	"0.50027532960378_0.49972467039622"
"63"	98	0.000391513028523166	0.10062104555166	0.105552214428105	0.0273890594593926	0.000391513028523166	0.000208951236877924	0.186699316116877	0.0363095974652037	8.46777199199284e-07	1.41321427428491e-06	0.000131162903625803	0.0743933515355969	0.886783882199905	0.0629334591666377	-618.677974808611	"0.10062104555166_0.191121009236523"	"0.501918130115013_0.498081869884987"
"65"	115	1.90372705968619e-09	0.135787896475197	0.114953289081607	0.0203773234080301	7.54076950571187e-08	1.24725203492575e-07	0.137997517150932	0.020794540993699	1.90372705968619e-09	1.13421815681862e-09	0.384139031514527	0.428648648707562	0.745464698017663	0.327118655785461	-751.367871920021	"0.117201220253983_0.135787896475197"	"0.499840854485897_0.500159145514103"
"67"	105	1.40436360876577e-09	0.120791341962309	0.113616240678729	0.0206428720896894	5.72402646655531e-08	2.68918042092677e-07	0.129176529720033	0.0181686356001041	1.40436360876577e-09	1.51744037002754e-10	0.999568257901282	0.571504513780156	0.948466332444655	0.549675100106337	-704.036161327386	"0.120779429192071_0.120791341962309"	"0.499999999999995_0.500000000000005"
"66"	118	7.54518946781672e-07	0.115913838094392	0.120781672091329	0.0221665671948478	7.54518946781672e-07	2.85070625211285e-07	0.1700527754464	0.0273847491346121	3.04983106413031e-09	8.35599755893637e-09	0.00339861381504569	0.161968064653324	1.31963014403804	0.228002313498582	-752.745870494047	"0.115913838094392_0.175778672956829"	"0.501843047881552_0.498156952118448"
"68"	107	3.04285674764558e-15	0.131531971685463	0.13069926343213	0.0142512721156122	3.04285674764558e-15	4.11683251530537e-15	0.132025366514366	0.0136884147391867	4.25611114563421e-16	3.53048309978698e-16	0.99998736978711	0.946494698833539	0.635561868933082	0.839061741610401	-702.85161612906	"0.131531971685463_0.131532327269259"	"0.500000000000001_0.499999999999999"
"69"	91	1.6510782980899e-14	0.126668789058126	0.12737676391018	0.0138386414561578	1.6510782980899e-14	1.29192733681648e-14	0.127561787707451	0.0137261146794974	1.15061867309536e-14	8.43397404426532e-15	0.999877215642306	0.992426121158644	1.07041779770349	0.994685236011414	-590.427086256411	"0.126668789058126_0.126672616635058"	"0.5_0.5"
"70"	98	1.30472692465314e-10	0.139447969307823	0.137966038543226	0.0191676031411991	9.0067664618959e-11	1.30177027611376e-10	0.142855035037813	0.0193747657820548	1.30472692465314e-10	5.61687031723301e-11	0.999800822541799	0.857634136885262	1.05949555861217	0.87430596706111	-621.058919751936	"0.13944169116551_0.139447969307823"	"0.499999999999999_0.500000000000001"
"71"	112	4.31138140274173e-08	0.115195128294835	0.107011402241451	0.0227063763628874	1.5923470855148e-06	7.13352086235888e-06	0.121913903083156	0.0195768954630587	4.31138140274173e-08	8.68780698693123e-09	0.998706214229541	0.61913826190417	0.838566029726891	0.547079432942653	-727.61212096253	"0.115161610153485_0.115195128294835"	"0.499999999999972_0.500000000000028"
"72"	116	5.42015767152078e-07	0.126942818000747	0.117641103936152	0.0233379617429187	3.05886832475239e-07	1.74290337772173e-06	0.13535884339182	0.0239073876118414	5.42015767152078e-07	1.11909677402842e-07	0.999556698113127	0.595894571352772	0.717362592131701	0.464075014543747	-740.471222502538	"0.126930965552688_0.126942818000747"	"0.5_0.5"
"74"	91	1.31299290803622e-08	0.135645686668031	0.127973470728129	0.0229874219665255	6.28753853742e-08	2.65050692208126e-07	0.144724984232508	0.0216863051604793	1.31299290803622e-08	1.98476689460612e-09	0.999602251365508	0.596063805996847	1.01966151512062	0.604183203539011	-597.857314697073	"0.13563345004032_0.135645686668031"	"0.499999999999999_0.500000000000001"
"73"	101	5.23574687313553e-11	0.160359231309349	0.120607525246955	0.0262985038658634	3.28144704968879e-05	1.31058778010552e-05	0.155986000755076	0.0217858053122497	5.23574687313553e-11	1.38321336347362e-10	0.0396130878960519	0.300216869039687	0.978244371321966	0.293413778887885	-651.855231134172	"0.114407190243782_0.160359231309349"	"0.497099991440665_0.502900008559335"
"75"	117	0.000596051859278132	0.0950053605581445	0.0956452637996301	0.0269103958413305	0.000596051859278132	0.000549519201019352	0.141071353784081	0.0296289642345801	6.03796790333187e-06	5.60441613537504e-06	0.0284232475934876	0.256405814685249	0.832969099800046	0.209637225295301	-747.259731681867	"0.0950053605581445_0.14053791250753"	"0.500094506260824_0.499905493739176"
"77"	105	3.69262948476505e-14	0.128999257988886	0.128238976557347	0.0145746093161321	2.46433323802947e-14	3.20784574917386e-14	0.130060864244589	0.0147070939668714	3.69262948476505e-14	2.55409437158743e-14	0.999714061058551	0.929884221546518	0.923528043605635	0.913227507751641	-682.662869103982	"0.128991293318042_0.128999257988886"	"0.5_0.5"
"78"	95	0.371201086742335	0.0270642349112301	0.0396328808165962	0.0301207073664839	0.371201086742335	0.191440620354392	0.143921480557948	0.0375833927745494	7.3089070786051e-05	0.000231603481173434	2.92062365403467e-08	0.0303660752421789	0.834594011312716	0.0230601543536773	-604.61358158458	"0.0270642349112301_0.155957624234916"	"0.501208463605461_0.498791536394539"
"76"	118	0.00124545474787962	0.0934813700140585	0.0978864787769316	0.0282521088770419	0.00124545474787962	0.000742615949881083	0.176945765456457	0.0315919067797672	6.69704257645784e-08	1.43411927672035e-07	2.30431909509221e-05	0.0621254063711741	0.965989365501356	0.059119101316499	-745.18103184364	"0.0934813700140585_0.182195429521764"	"0.500487099164341_0.499512900835659"
"79"	128	9.99500622964353e-17	0.137297357414949	0.130739198698908	0.0143102466073683	9.99500622964353e-17	1.30113204061165e-15	0.142165801868224	0.0194437709521057	9.59588284722151e-11	2.61236656461936e-11	0.999761152210812	0.635995505089167	1.2563351298419	0.729941941647299	-843.84841597459	"0.137297357414949_0.137303386071285"	"0.500000000000001_0.499999999999999"
"80"	85	0.0103903548629604	0.0805979297485331	0.0973594210570215	0.0307448058067032	0.0103903548629604	0.00214931307337817	0.153027600440462	0.0333105771960538	1.98781132212168e-06	1.51546690925119e-05	0.000229944309388497	0.219425850354161	0.819889257642447	0.174694295862555	-545.035554939033	"0.0805979297485331_0.170222949732151"	"0.500477186480863_0.499522813519137"
"81"	97	5.14854627794434e-11	0.165922807857184	0.12579640724686	0.0275997657015822	2.36464919050647e-05	1.52199698786035e-05	0.162951949318479	0.0224194839900331	5.14854627794434e-11	9.70416300243152e-11	0.0697174939170802	0.296058060711043	1.10591926171679	0.328708138168546	-628.309071318951	"0.122664220836267_0.165922807857184"	"0.499229071523545_0.500770928476455"
"82"	107	2.07762787926402e-17	0.139121680762536	0.138301875334029	0.0138258148725207	4.04625970080191e-17	5.49723322642915e-17	0.140055973256967	0.0136521677032092	2.07762787926402e-17	1.4560004344785e-17	0.999849719053644	0.928067394522735	1.09250481432123	0.944385067002946	-716.361761827908	"0.139117401684781_0.139121680762536"	"0.5_0.5"
"84"	95	4.9053804722666e-15	0.125262457745018	0.12472074363306	0.0134268488598153	4.9053804722666e-15	5.97698096741446e-15	0.126328042502548	0.0138127023299112	1.75486432242482e-14	1.20448070672049e-14	0.999887928115446	0.933502626958963	0.894399543157064	0.910277465826425	-627.154828435881	"0.125262457745018_0.125265876482112"	"0.5_0.5"
"83"	117	8.66848204624422e-11	0.121788272275959	0.116863322014818	0.0170522402375141	8.66848204624422e-11	3.69006052408766e-10	0.127354634783595	0.0203086017321714	2.33041110029009e-08	6.35850763409602e-09	0.999639630119506	0.692380981941427	0.845984907268119	0.624655729024538	-755.797772433574	"0.121788272275959_0.121797806575684"	"0.500000000000006_0.499999999999994"
"85"	122	8.11978933652759e-10	0.11404612204513	0.107405402251014	0.0170992794819895	8.11978933652759e-10	5.4798322832204e-09	0.120253451945581	0.0197902704859446	6.39650663009677e-08	1.46883863172702e-08	0.998812413480453	0.623254564223963	1.03739309980849	0.638522870126038	-788.152266083598	"0.11404612204513_0.114074997569853"	"0.500000000000021_0.499999999999979"
"88"	103	2.07378241553837e-11	0.10649183363093	0.105406124527482	0.0141378182648309	2.07378241553837e-11	3.02466288893158e-11	0.108034730518909	0.0147111916518609	8.7143918208692e-11	5.2328030318328e-11	0.999829796196911	0.897490567747136	0.968045333308541	0.889276610005247	-685.586447304359	"0.10649183363093_0.106496758900293"	"0.5_0.5"
"87"	101	3.04386363673098e-08	0.128138666411222	0.135931934211496	0.0213239559328152	3.04386363673098e-08	5.69839266025343e-09	0.170333335335495	0.0301230573390686	5.87689916575832e-08	1.48521171786099e-07	0.0196081160137067	0.351276437376789	1.14722451475343	0.401116035889246	-637.969111758913	"0.128138666411222_0.176615148715515"	"0.503369687282825_0.496630312717175"
"86"	90	0.0031630364530866	0.0834281278497216	0.0886644099344148	0.0274976794485551	0.0031630364530866	0.00176554183111607	0.14406832963674	0.0295042879500414	1.94695001900067e-06	4.57037574828134e-06	0.00438189884879847	0.16953010139843	0.858907400595461	0.140889795492979	-564.538896058649	"0.0834281278497216_0.150297906558724"	"0.50065819457189_0.49934180542811"
"89"	95	3.15923969211024e-10	0.122419372837772	0.119255765685211	0.0173968759523639	3.15923969211024e-10	7.39893140174113e-10	0.126107113269921	0.0177126791652048	5.67776669291313e-10	2.14065798387993e-10	0.999793657383429	0.782577828522191	0.819362080433841	0.707631006388503	-619.863566377064	"0.122419372837772_0.122425369698712"	"0.5_0.5"
"90"	100	5.06575708689379e-10	0.150623831573349	0.142794519358937	0.0221717748242351	8.28106643404461e-10	4.31974617411665e-09	0.159417480965438	0.0218403888497984	5.06575708689379e-10	7.35795013208914e-11	0.999527178355323	0.593258913439013	0.898068226576057	0.549037859912562	-658.030811402821	"0.150610181716059_0.150623831573349"	"0.5_0.5"
"91"	103	2.59135758250602e-08	0.133874786038258	0.127252618974061	0.0216256483663823	1.27526744024176e-08	5.12385972003951e-08	0.141897515129991	0.022184482705528	2.59135758250602e-08	4.880054835789e-09	0.998967080890478	0.636422714150191	1.05999857632121	0.660567816384316	-674.436905104089	"0.133846234396848_0.133874786038258"	"0.499999999999992_0.500000000000008"
"92"	96	3.87656777406561e-06	0.132000945293556	0.09151724136429	0.029764724074814	0.00271385638125647	0.00275134475297404	0.13042368710494	0.0269186631070078	3.87656777406561e-06	4.91453780553063e-06	0.0631278367329184	0.332311138790743	1.10947966380904	0.368421183191401	-608.182146310309	"0.0916512628394027_0.132000945293556"	"0.499907408159716_0.500092591840284"
"93"	107	9.81491490225472e-07	0.120609868209866	0.110086597037324	0.0224506566005829	4.66447106677285e-07	3.41159320097512e-06	0.130989533302833	0.0231991048646134	9.81491490225472e-07	1.38437775349592e-07	0.999032105126507	0.517322241232046	0.896089906898153	0.473570295130695	-705.871330347881	"0.120584029750358_0.120609868209866"	"0.499999999999998_0.500000000000002"
"94"	121	1.2248923024324e-06	0.142601477782518	0.124284559358113	0.0270855546134111	6.30934651174059e-07	1.1056813996477e-05	0.16073043229154	0.0279008401752269	1.2248923024324e-06	6.59430843215749e-08	0.99742695786653	0.348624507691337	1.03834265768316	0.361706204823909	-769.416520491291	"0.142534952671935_0.142601477782518"	"0.499999999999941_0.500000000000059"
"95"	112	1.78909171682688e-11	0.132758258431973	0.125963705154297	0.0202116094381618	1.71215258490107e-09	8.4925936559534e-09	0.140228990446552	0.0177294852677388	1.78909171682688e-11	2.08710389720721e-12	0.999028416415141	0.595703630026934	0.786383361568777	0.498750277630803	-727.608857859767	"0.13273279740368_0.132758258431973"	"0.499999999999992_0.500000000000008"
"97"	108	1.65288209682031e-13	0.149930484000881	0.10506210944003	0.0285214105038691	0.000637920579466988	0.00036250282606596	0.144613896401186	0.0177591441710973	1.65288209682031e-13	7.65025336013281e-13	0.0224978548850832	0.239119812393885	0.860098556436782	0.201902007398076	-701.832641998851	"0.10035949481526_0.149930484000881"	"0.497270524389736_0.502729475610264"
"99"	101	2.65344009104977e-16	0.119716194036771	0.120198729877668	0.0122100125768895	2.65344009104977e-16	2.17346064468592e-16	0.120200274074059	0.012210185598914	2.65441103576875e-16	2.17360362165732e-16	0.999975335453852	0.999928647629216	0.927880476357169	0.999856600941591	-684.853378663367	"0.119716194036771_0.119717005729249"	"0.5_0.5"
"98"	93	1.4843319361598e-07	0.14151855720707	0.125830516966939	0.0248629565541331	1.4843319361598e-07	2.12727230467549e-06	0.155645784462298	0.0264544773322278	6.32507600074672e-07	6.43747240422231e-08	0.997043722629223	0.411498887691183	1.18929388943395	0.479950706491935	-605.616651050122	"0.14151855720707_0.141602619566626"	"0.500000000000845_0.499999999999155"
"96"	108	7.70906923591938e-10	0.152132810852401	0.146975366929091	0.0225217908595023	7.70906923591938e-10	2.31556089373481e-09	0.174520004550227	0.0238643640295637	1.19509276313775e-10	5.00302228717635e-11	0.374861562377324	0.401230908282995	1.46015818013089	0.557647141589497	-708.571287864238	"0.152132810852401_0.170316941376908"	"0.50003444188211_0.49996555811789"
"100"	112	1.28331464109979e-09	0.122750435553419	0.11542163813856	0.0205293726704966	2.7848445241759e-08	1.42228527519955e-07	0.127928504940215	0.0185236050479256	1.28331464109979e-09	3.27186447079016e-10	0.999619833084521	0.651044826806813	1.08116605732233	0.683164152161799	-735.416430717204	"0.122740374654261_0.122750435553419"	"0.499999999999999_0.500000000000001"
