"simNum"	"IVsNum"	"P_largestGroup"	"eff_largestGroup"	"eff_mean_minClass"	"sd_minClass"	"P_minClass"	"P_minClass_mean"	"eff_mean_maxClass"	"sd_maxClass"	"P_maxClass"	"P_maxClass_mean"	"corTest_1"	"CHVP_test"	"AIC_1"	"gamma_1"	"prop_1"
"85"	78	3.30667785601794e-05	-0.114519480328008	-0.108251244704814	0.0259659432080735	3.30667785601794e-05	7.94271420197357e-05	0.139911752166361	0.0378605077700701	0.000191025982514202	0.000408786262289889	0	6.4618485562886e-08	-455.511954061333	"-0.114519480328008_0.148389334117023"	"0.505734345266836_0.494265654733164"	NA
"55"	100	5.3456915364411e-11	0.189147906448998	-0.116532751253227	0.0273384980171907	1.90986431907242e-05	4.61765758244121e-05	0.18416567036551	0.0256810343495543	5.3456915364411e-11	1.36290453424078e-10	0	1.08582995816e-15	-574.616562599307	"-0.122818605249243_0.189147906448998"	"0.494751586853313_0.505248413146687"	NA
"40"	88	0.00357637356303204	0.117777236251389	-0.0643878237506225	0.0442986202464507	0.0434388582601066	0.149684154163453	0.0929106685320709	0.0393278118266884	0.00357637356303204	0.0203841282050754	2.22044604925031e-16	0.00792141738019099	-529.262393781849	"-0.0907838331558311_0.117777236251389"	"0.498846762603289_0.501153237396711"	NA
"9"	99	0.0188801998251401	-0.0657053087876874	-0.0610511809730139	0.0275202959921344	0.0188801998251401	0.0288355179310089	0.182900583655279	0.0445830825444206	5.44284492253816e-05	8.45486061516593e-05	0	3.22103347701767e-06	-579.210724181054	"-0.0657053087876874_0.188180466838309"	"0.509562351588598_0.490437648411402"	NA
"93"	94	4.84098524178929e-05	-0.107571616496698	-0.110926121972122	0.0252358422421616	4.84098524178929e-05	2.93069084350257e-05	0.162764885275106	0.053564861785192	0.00397898682464705	0.00308509066973196	1.33226762955019e-15	3.79628783183621e-06	-536.411424877816	"-0.107571616496698_0.158201691835274"	"0.512932228611368_0.487067771388632"	NA
"78"	89	0.00602079573845156	-0.0931387701665892	-0.0944588839785669	0.033088353070544	0.00602079573845156	0.00537071829260248	0.067097345272992	0.0502363417124202	0.152956674063811	0.18511332297862	1.38402750149424e-07	0.00723778126512349	-514.671158637732	"-0.0931387701665892_0.0724221100245944"	"0.507342206990223_0.492657793009777"	NA
"24"	117	7.99443696148344e-08	-0.11833157410496	-0.112896338310111	0.020643931432017	7.99443696148344e-08	2.64104443267754e-07	0.136659193881022	0.0473284138930748	0.00351477823690691	0.00463394732591427	0	1.34430161469069e-06	-679.167268766164	"-0.11833157410496_0.141026501114113"	"0.510546764560868_0.489453235439131"	NA
"32"	122	4.61307032472134e-06	-0.102808436794038	-0.0957658301834713	0.0214256933785365	4.61307032472134e-06	1.77643740805715e-05	0.1189704122183	0.0382051066839975	0.00240857094014506	0.00230438296238276	0	9.47046984121105e-07	-722.817755771448	"-0.102808436794038_0.118430598786866"	"0.505213000298477_0.494786999701523"	NA
"62"	113	6.44261841159959e-09	-0.140428010627067	-0.13486163195983	0.0223400958221476	6.44261841159959e-09	2.08585276884437e-08	0.120849127551788	0.0438220586805138	0.0069568676577003	0.00679879875773768	0	2.00742986489801e-07	-656.37371131981	"-0.140428010627067_0.120496722529018"	"0.510823522867217_0.489176477132783"	NA
"47"	114	0.000598772463587597	-0.109820204078772	-0.108997350055117	0.0310952311531736	0.000598772463587597	0.000655033892804372	0.120453647722552	0.0473185040919879	0.0162712928965205	0.0122566208276369	4.44089209850063e-16	5.06969475645465e-05	-654.215007530993	"-0.109820204078772_0.1154239389844"	"0.503522285860386_0.496477714139614"	NA
"70"	111	0.000159455245875943	-0.129817299519397	-0.133173457051663	0.0331933569825361	0.000159455245875943	0.000110101104965187	0.109222091478586	0.0581672692142741	0.0914558544472349	0.0630675019267087	1.0902390101819e-13	0.000295327870116509	-597.465316506327	"-0.129817299519397_0.0990391056314655"	"0.507991009720873_0.492008990279127"	NA
"17"	114	0.991661297849971	-0.000789634141624198	-0.105922867865941	0.0517059200584784	0.453895731396508	0.0428217207036723	0.070169197560893	0.0753873869651518	0.991661297849971	0.353950790522919	0.26196300933529	0.0540686465452072	-621.185012389623	"-0.0388585854716502_-0.000789634141624198"	"0.494687707184925_0.505312292815075"	NA
"1"	126	0.000212131756860321	-0.11025957147374	-0.11379229123903	0.0288932827888968	0.000212131756860321	0.000135517326007788	0.144307247131627	0.0488625768196946	0.00556773228037082	0.00375668702725687	0	5.44854324626474e-06	-716.02157849299	"-0.11025957147374_0.137848709127261"	"0.505589667788221_0.494410332211779"	NA
"86"	112	1.51887826005655e-11	-0.121723601073317	-0.121315754773442	0.0161859277069084	1.51887826005655e-11	1.72556593896975e-11	0.167898766351952	0.0518082495490745	0.00200259914330438	0.00157370915769685	0	9.90744813161679e-08	-642.668694585061	"-0.121723601073317_0.16396635083138"	"0.524371856877903_0.475628143122097"	NA
"25"	107	1.8873151476265e-10	-0.145499597033129	-0.142255422383999	0.0206358627359427	1.8873151476265e-10	4.06024195805829e-10	0.166380213833269	0.0366928735683489	1.87367435674923e-06	1.52585970500025e-05	0	2.27701131236038e-13	-619.488372759085	"-0.145499597033129_0.185180420967083"	"0.537224551344173_0.462775448655827"	NA
"63"	90	6.06955860228289e-06	0.16396879863397	-0.120339432602505	0.0372760608686263	0.000686657797222389	0.00174417092122733	0.156654351642278	0.0340767599338056	6.06955860228289e-06	1.40848374635694e-05	0	4.14619345697623e-08	-515.95801610614	"-0.131144127567112_0.16396879863397"	"0.497473289006278_0.502526710993722"	NA
"56"	90	0.677063422268777	-0.0233337146895849	-0.0960650013930953	0.039723642118959	0.137767793699698	0.0176290187805813	0.017529091964794	0.0558423640846602	0.677063422268777	0.754329200377808	0.323194254891837	0.0974010298107226	-513.253956265601	"-0.05949131355813_-0.0233337146895849"	"0.492875523506486_0.507124476493514"	NA
"10"	90	0.00055223686438934	-0.120244452830616	-0.110436719207655	0.0335529476369616	0.00055223686438934	0.00143022526579797	0.201477381692113	0.0374469750808104	2.92584641448068e-07	5.95739005244743e-07	0	5.52053031482179e-10	-507.85465648184	"-0.120244452830616_0.207789731922122"	"0.511997042749022_0.488002957250978"	NA
"94"	102	7.27874289222624e-09	-0.11957832934151	-0.119078269361083	0.0189325416396627	7.27874289222624e-09	8.22567630418504e-09	0.138123098493982	0.0520974342780119	0.00902676729702226	0.00931231112590289	0	3.48347475312896e-06	-594.96046897168	"-0.11957832934151_0.138709130191673"	"0.512041988204034_0.487958011795966"	NA
"41"	111	0.124086626664682	-0.0637551142533152	-0.0671485077551394	0.041140372491961	0.124086626664682	0.105501056817115	0.0809675751699015	0.0633907374993237	0.19802371416696	0.204193610709872	4.18211713322236e-05	0.0499993423229851	-612.967057942649	"-0.0637551142533152_0.0820924784908589"	"0.501028278307166_0.498971721692834"	NA
"79"	118	0.000800980252905298	-0.10500242656468	-0.100493946990312	0.0305040688439786	0.000800980252905298	0.00130520885599718	0.095646125095316	0.0426015679993628	0.0168855305482764	0.0266385547939849	8.88178419700125e-16	0.000181559786785113	-693.277847859438	"-0.10500242656468_0.103262353127859"	"0.505929232152312_0.494070767847688"	NA
"18"	109	0.000194012003518343	-0.104932854232326	-0.100793154591262	0.0271904838529777	0.000194012003518343	0.000332874773480851	0.100026404829067	0.0454600746902419	0.0239699624223173	0.0299143490257202	6.15063555642337e-14	0.000149973547046047	-630.150865356916	"-0.104932854232326_0.104099425930862"	"0.509019061681401_0.490980938318599"	NA
"33"	101	0.0783333247163465	-0.0738533325564721	-0.0721768909050276	0.041521751258126	0.0783333247163465	0.0852375381368088	0.107639813030426	0.0457440162047071	0.0156948071707099	0.0205752284922793	3.77217590497025e-10	0.00360651624957164	-581.200308727741	"-0.0738533325564721_0.11243462155767"	"0.501233924633775_0.498766075366225"	NA
"2"	110	0.00117206754440212	-0.0974654952521097	-0.0994429763732095	0.0292377019860823	0.00117206754440212	0.000938774518740541	0.132261819059105	0.0365716524878377	0.00282410463802285	0.000453910567210209	3.48232553903927e-12	7.47500207677203e-07	-620.715134876588	"-0.0974654952521097_0.111749677927772"	"0.510116859530302_0.489883140469699"	NA
"48"	107	0.0114867357055605	-0.0950411114615289	-0.0979221647297583	0.0369477753045692	0.0114867357055605	0.00927414591132085	0.100600945684722	0.0561483110568384	0.119611680345024	0.0760343250017013	2.34175841828943e-07	0.00314109597019004	-589.884797283768	"-0.0950411114615289_0.0881007207972455"	"0.503078258655311_0.496921741344689"	NA
"71"	128	0.00112034184882173	-0.0963234126304462	-0.0818453211856141	0.0288868162275134	0.00112034184882173	0.00536021571637528	0.16890392372429	0.0334657238081861	5.38762310719121e-07	1.51742759376895e-06	0	1.41179037575339e-08	-743.768162185507	"-0.0963234126304462_0.176751987056307"	"0.502120497711779_0.497879502288221"	NA
"26"	123	5.92855890009572e-06	-0.0984834632028902	-0.092697355574706	0.020792450744662	5.92855890009572e-06	1.84867061076452e-05	0.09117707459227	0.0456587588131466	0.0452077924749058	0.0480591805657528	1.33226762955019e-15	0.000247325621802371	-733.589093087862	"-0.0984834632028902_0.0923899787585414"	"0.509076871671416_0.490923128328583"	NA
"87"	114	4.49963387271547e-05	-0.114854679420227	-0.115536505630679	0.0270553974781672	4.49963387271547e-05	4.08346431739309e-05	0.120433498120355	0.0470339102433821	0.010940088698607	0.0117690026182565	5.55111512312578e-15	1.36853568565431e-05	-644.635089192651	"-0.114854679420227_0.121693322838884"	"0.505256585456693_0.494743414543307"	NA
"64"	119	0.00989492794928859	-0.0839532025374416	-0.0792417768496002	0.032019337525972	0.00989492794928859	0.0147516375921846	0.0943634544136031	0.0406465672628753	0.0263419111306833	0.0219722688391914	6.99273972060155e-10	0.000793313872609602	-685.834451357674	"-0.0839532025374416_0.0914302529101255"	"0.500516757682214_0.499483242317786"	NA
"57"	116	0.950677136214769	-0.00345833285857062	-0.0940209753046567	0.0360941607566075	0.183266712668551	0.0104044774485462	0.0439148842750773	0.0557871217481899	0.950677136214769	0.432791883031125	0.118003812589698	0.0379006246281735	-654.811598937552	"-0.0483239305066327_-0.00345833285857062"	"0.499404699319006_0.500595300680994"	NA
"95"	103	0.00131344425106625	-0.0760854754183996	-0.0764071674993928	0.02302481680384	0.00131344425106625	0.00125559960498466	0.171614740710657	0.0422498195303142	0.000148496003036942	9.57227173057388e-05	2.1049828546893e-13	2.54143779507762e-07	-576.161875747084	"-0.0760854754183996_0.166532792410534"	"0.519126608470495_0.480873391529505"	NA
"80"	101	3.83503551824797e-07	-0.134591328395958	-0.131790377499907	0.0247526074735372	3.83503551824797e-07	6.24275858944779e-07	0.0978254946298592	0.0388521538297991	0.0096016535732825	0.0133931662647175	0	6.21626350867536e-07	-585.346800089417	"-0.134591328395958_0.102595863368997"	"0.510679314259768_0.489320685740232"	NA
"11"	128	0.000943994842036571	-0.100976490856257	-0.0842149436852403	0.029821106067239	0.000943994842036571	0.00550869288982916	0.0747406980887572	0.0427627996334507	0.039512927969465	0.082915992230373	0	0.00229618649952751	-777.745582492662	"-0.100976490856257_0.0889573710194027"	"0.501607283556402_0.498392716443598"	NA
"42"	119	0.000410073547225477	-0.0856652446429235	-0.0813927588844779	0.02355304458372	0.000410073547225477	0.000763504330764682	0.214943710912471	0.0532076643369775	0.000125360366676787	9.56235918109389e-05	0	3.52863200665283e-07	-664.323337727497	"-0.0856652446429235_0.211071248714777"	"0.510186409734763_0.489813590265237"	NA
"49"	90	0.000109004331461443	-0.094680361601646	-0.0855092479999307	0.0233755182202451	0.000109004331461443	0.00042998953873613	0.140236988844193	0.0419749339515423	0.00130796892257727	0.00122164688838647	4.44089209850063e-16	2.61881769879829e-06	-522.270628900076	"-0.094680361601646_0.139338552756594"	"0.504850091743027_0.495149908256973"	NA
"19"	110	0.0204901018803736	-0.100241160400932	-0.0862504909897247	0.0426271112147493	0.0204901018803736	0.0454818275855035	0.106653411437533	0.0440126847909936	0.00699941428385257	0.0170294889168632	0	0.00164194747133265	-640.850520686201	"-0.100241160400932_0.12098934978124"	"0.501894412806001_0.498105587193999"	NA
"34"	104	0.0182218462294524	-0.112307348743337	-0.100960684994247	0.046807642736849	0.0182218462294524	0.0333372942993543	0.0905348062098823	0.0465671374290459	0.0379539015355046	0.0546018677957732	1.55431223447522e-15	0.00372808879241933	-615.523621407661	"-0.112307348743337_0.0979038773241401"	"0.501304744419266_0.498695255580734"	NA
"88"	102	9.43953094460485e-06	-0.13091159252994	-0.12320822377002	0.0280551566502456	9.43953094460485e-06	2.77728293496735e-05	0.245736032216465	0.0426125921996207	3.38336967920993e-08	8.8598884141993e-08	0	4.77597319107188e-13	-571.076012051407	"-0.13091159252994_0.254859374655957"	"0.513471109803268_0.486528890196732"	NA
"72"	101	0.00260806692532381	-0.0953483296119776	-0.0907735235336884	0.0308767011722913	0.00260806692532381	0.00407855382733395	0.15980024325469	0.0536637503952744	0.00349030117413227	0.00364260154888786	0	5.18298993617505e-05	-569.50830139778	"-0.0953483296119776_0.160564755448902"	"0.50862392537126_0.49137607462874"	NA
"27"	106	0.0101828681720559	-0.098696652878493	-0.0881626117580874	0.0377154916850435	0.0101828681720559	0.0213057894774035	0.123784615197101	0.0593326286519503	0.0326308000758596	0.0393756435046247	2.22044604925031e-15	0.00257255462502511	-611.660014875846	"-0.098696652878493_0.128471421393412"	"0.503177602129584_0.496822397870416"	NA
"3"	111	0.00284887676079045	0.106965496645696	-0.158816645008024	0.0271084742821608	1.29109803662684e-08	4.93927153538131e-08	0.101460499770203	0.0350459835272651	0.00284887676079045	0.00457291042799365	0	4.24295247486094e-09	-630.070549839728	"-0.166657542242365_0.106965496645696"	"0.499695691041929_0.500304308958071"	NA
"96"	121	2.60901515607388e-06	-0.0982586596237561	-0.0937065024197441	0.0199096266162759	2.60901515607388e-06	6.81205434836615e-06	0.145682425273026	0.0290496188085341	1.27198858029506e-06	1.85518281441633e-06	0	1.06495292975079e-11	-721.634084741894	"-0.0982586596237561_0.148220553497589"	"0.510217956334556_0.489782043665444"	NA
"81"	94	5.20623112704358e-06	-0.123077788633203	-0.116385022887691	0.0254449649733918	5.20623112704358e-06	1.47384912598653e-05	0.147747550609599	0.0471930038862984	0.000600732923884516	0.0023307140625016	0	8.37505384987204e-07	-552.174254023323	"-0.123077788633203_0.167669605727523"	"0.523581548674556_0.476418451325444"	NA
"65"	110	0.0996441541479195	-0.0719290918416392	-0.0800714087919317	0.0433120526110619	0.0996441541479195	0.0672099891624205	0.100120047016632	0.0449226715441297	0.0310282430240608	0.027884555892947	1.12030027477061e-08	0.00388190851488063	-615.360864556263	"-0.0719290918416392_0.0981569255599303"	"0.50192228544328_0.49807771455672"	NA
"35"	109	1.3718270777351e-06	-0.159015369165637	-0.151024581795233	0.0310895164061796	1.3718270777351e-06	4.04011113115213e-06	0.1451026212647	0.0285908650382782	3.72795542230527e-07	1.62361167192538e-06	0	2.36581175826173e-12	-626.377064528148	"-0.159015369165637_0.154840450062762"	"0.500546851133581_0.499453148866419"	NA
"58"	108	0.00456292383901443	-0.0790852799589178	-0.0874971726423379	0.0272942537595191	0.00456292383901443	0.00177661700434175	0.0944213352363568	0.0542895813225837	0.173385805805112	0.0848725720918011	1.44705745652729e-06	0.0027550434920924	-594.142955569915	"-0.0790852799589178_0.0744062118564291"	"0.503013029505551_0.496986970494449"	NA
"4"	96	0.000447464198635998	-0.0970134016566776	-0.0945120027098566	0.0266708137936236	0.000447464198635998	0.000614077165772843	0.187183342565077	0.0320779301506713	1.42531378677755e-08	7.41902552263545e-08	0	1.45322416138772e-11	-557.801706689852	"-0.0970134016566776_0.199023843299599"	"0.517919497187377_0.482080502812623"	NA
"50"	114	7.09618067401386e-06	0.173583810709581	-0.100748603532396	0.0366281520986466	0.00272431424273705	0.00693001678393412	0.168123420344422	0.0368543124635586	7.09618067401386e-06	1.29497326955411e-05	0	2.28428047131699e-07	-640.762973066702	"-0.112258433531689_0.173583810709581"	"0.498100714202928_0.501899285797073"	NA
"20"	109	4.34508627213735e-07	-0.127190239547436	-0.122536065442352	0.0236377604943498	4.34508627213735e-07	1.02052050204987e-06	0.22294683820557	0.0356771490609296	1.62025307254823e-09	8.38649321294451e-09	0	6.88430619779163e-16	-614.295661042284	"-0.127190239547436_0.235287990440609"	"0.526280868762065_0.473719131237935"	NA
"43"	108	0.0024985220388227	-0.101559166313528	-0.0928167557850464	0.0327953989172475	0.0024985220388227	0.00555747905800425	0.0879790851940639	0.0447028503005164	0.0335098125981064	0.0516453661535902	8.88178419700125e-16	0.00111037771184189	-635.229631670305	"-0.101559166313528_0.0962758123815781"	"0.502264321360101_0.497735678639899"	NA
"12"	114	0.0535585870426637	-0.0911065938904991	-0.0983249392863994	0.046702540122987	0.0535585870426637	0.0374766646630767	0.0773659155623338	0.0483656556808153	0.165085412734907	0.112478691147809	4.10077102941386e-07	0.00897148928734804	-630.453242532011	"-0.0911065938904991_0.0675773917947157"	"0.502881900739355_0.497118099260645"	NA
"89"	89	1.04218812147438e-08	-0.110853227955057	-0.107192787016278	0.0175374134406952	1.04218812147438e-08	2.62395732500995e-08	0.108255154888129	0.0456947503816259	0.012383038230188	0.0200192101947874	9.43356504023996e-12	1.07318816809066e-05	-511.241551864826	"-0.110853227955057_0.116686405643966"	"0.528854916402049_0.471145083597951"	NA
"28"	108	4.90727040285995e-08	-0.130085202919953	-0.124621327289026	0.0221532118577716	4.90727040285995e-08	1.49463847879911e-07	0.139972879706794	0.0359074223397802	8.96785718343243e-05	0.000169379648801568	0	3.58059065073735e-10	-624.065181438651	"-0.130085202919953_0.146204886818196"	"0.509603932312557_0.490396067687443"	NA
"97"	112	1.30479119387597e-08	-0.13880290120991	-0.124507983051496	0.0226021733597503	1.30479119387597e-08	2.36639445994529e-07	0.189836238038459	0.0383889787903159	1.28766381384383e-06	2.72307489103145e-06	0	1.71093969921356e-12	-636.194270534833	"-0.13880290120991_0.196606723189409"	"0.522031881265934_0.477968118734066"	NA
"73"	110	1.6543153754005e-06	-0.134013850195693	-0.123560620732609	0.0264429453695737	1.6543153754005e-06	8.54451127677175e-06	0.203660645327505	0.0368008628419517	1.20477591033766e-07	2.17611365895581e-07	0	5.16486568413464e-13	-613.128287445191	"-0.134013850195693_0.208519933591028"	"0.502364007330857_0.497635992669143"	NA
"82"	108	1.25631371346134e-07	-0.13443738386737	-0.132198244763833	0.0237344392826064	1.25631371346134e-07	1.91454567456732e-07	0.0870818930400943	0.0380366211375559	0.032364804760217	0.0240175999868856	1.90958360235527e-14	1.00371362311883e-06	-624.651692697519	"-0.13443738386737_0.082468170471543"	"0.511244788708418_0.488755211291582"	NA
"36"	123	3.36377816815082e-22	-0.194820932509677	-0.193569107881074	0.0163416903065021	3.36377816815082e-22	5.14430802184297e-22	0.225218797317176	0.0403806039545998	1.73223567788068e-07	1.49388159686555e-07	0	7.0045154196259e-22	-682.976142919888	"-0.194820932509677_0.223910761136633"	"0.545693798652377_0.454306201347623"	NA
"51"	110	6.63199500451736e-16	-0.140632384347889	-0.138810296338804	0.014837309339805	6.63199500451736e-16	1.26351051557362e-15	0.0789097405353755	0.0362824949650439	0.0278365197909647	0.0318010070667394	2.22044604925031e-16	2.78857649792942e-08	-648.212049432613	"-0.140632384347889_0.0808889290443469"	"0.51434551891296_0.48565448108704"	NA
"21"	88	0.190645308437874	-0.0474268208176014	-0.045199558746685	0.0359578741481876	0.190645308437874	0.212112725971465	0.081428910354386	0.0474903811782838	0.0517387663260196	0.089971497953744	6.96922468312877e-06	0.0335205353928802	-513.028701822818	"-0.0474268208176014_0.0936704989468926"	"0.517494822995833_0.482505177004167"	NA
"44"	110	1.92163616331078e-06	-0.12561902215316	-0.120408964481729	0.0249605051751183	1.92163616331078e-06	4.60029754795548e-06	0.0586464810107263	0.0431125406399053	0.1228068194962	0.176537990843628	4.9382720135327e-13	0.000325295932809727	-643.634446761702	"-0.12561902215316_0.0670468935029963"	"0.512720869579611_0.487279130420389"	NA
"59"	128	0.000579365172533572	-0.0833975440635625	-0.0770913447695101	0.0236247054538988	0.000579365172533572	0.00141554728558734	0.11864587350583	0.0309927045017153	0.000166180071543075	0.000201680600936511	4.44089209850063e-16	5.09383393218201e-07	-755.716500419432	"-0.0833975440635625_0.12028692011097"	"0.503747170962468_0.496252829037532"	NA
"66"	96	0.00703870991020266	-0.102892517415964	-0.0963434860935848	0.0373499978906388	0.00703870991020266	0.0114283293153342	0.127944303666591	0.0451686289426519	0.00514582757848924	0.0056379256388651	2.66453525910038e-15	0.000129856509918709	-546.066716384728	"-0.102892517415964_0.12937106336266"	"0.502149552332811_0.497850447667189"	NA
"5"	110	0.00471738462299096	-0.0866768864622061	-0.0827092305826666	0.0300431009050292	0.00471738462299096	0.00691898874843978	0.112965452846874	0.0421367435169286	0.00785038056739109	0.00848262551534221	3.521627434111e-13	0.000156117037775209	-635.02597022719	"-0.0866768864622061_0.114126988850389"	"0.505779879467609_0.494220120532391"	NA
"90"	109	3.00371165052819e-08	-0.127550593809025	-0.123100974955312	0.0213476612221786	3.00371165052819e-08	7.78788127027804e-08	0.160511317370327	0.0507852983595727	0.00331615908550457	0.00204335572535088	0	2.6300375974719e-07	-625.211751527923	"-0.127550593809025_0.152538689242988"	"0.512315315046989_0.487684684953011"	NA
"98"	117	5.60363709853107e-05	-0.105088451621183	-0.0996150784445982	0.025119221794899	5.60363709853107e-05	0.000127027354012866	0.0562731875822437	0.0382786398117436	0.134024067942996	0.144243552659923	7.79398767747352e-12	0.000662079684826585	-715.473765231411	"-0.105088451621183_0.0577615199167247"	"0.502402600335915_0.497597399664085"	NA
"13"	104	0.00588628707935279	-0.105667683978516	-0.10279333563954	0.0375698501913061	0.00588628707935279	0.00732418986116177	0.112820912930775	0.0401246550063918	0.00510766270396343	0.0058999791759543	4.44089209850063e-16	8.76200105592493e-05	-597.538436971647	"-0.105667683978516_0.114815430818048"	"0.501052092389959_0.498947907610041"	NA
"29"	98	0.00415468350107845	-0.135318059834653	-0.115213560023215	0.0460929319976445	0.00415468350107845	0.0141124832055733	0.12260752940633	0.0639224271048691	0.0311604071312853	0.0580435348688436	0	0.00254664148147051	-545.257409698682	"-0.135318059834653_0.139786398943401"	"0.504498222158419_0.495501777841581"	NA
"74"	96	2.77918997500441e-07	-0.113268701164679	-0.11263102023516	0.0204731009600369	2.77918997500441e-07	3.17802902490095e-07	0.0722060791129131	0.046944411205436	0.121399925227665	0.127343780741479	3.16067172434487e-11	0.000307288297347522	-567.219508127313	"-0.113268701164679_0.0733696994539983"	"0.510566549389674_0.489433450610326"	NA
"83"	96	2.20791768721691e-08	-0.139573183192706	-0.13547452689641	0.0228534080130226	2.20791768721691e-08	4.92121819820172e-08	0.103622129018684	0.0456619379775255	0.0298030940094685	0.0255100633005704	0	2.83382624910604e-06	-563.220790424374	"-0.139573183192706_0.100725098027653"	"0.515402376197451_0.484597623802549"	NA
"6"	87	0.0260674016010807	-0.0931785203277649	-0.0774680421557228	0.0411501451361178	0.0260674016010807	0.0631398774535784	0.125100792361384	0.0489645661934096	0.00548107166413268	0.0123806819764294	4.44089209850063e-16	0.0015395433072294	-499.195472425554	"-0.0931785203277649_0.139517092525017"	"0.500267243130035_0.499732756869965"	NA
"45"	109	3.80619236419087e-05	-0.105883060895889	-0.107141594778695	0.0246427887265193	3.80619236419087e-05	3.1248075437504e-05	0.0757852474428578	0.0352390004415036	0.0237580084693365	0.0337372436162958	6.3504757008559e-14	2.09938134362533e-05	-647.648494226369	"-0.105883060895889_0.0808188914879691"	"0.504506934959606_0.495493065040394"	NA
"22"	115	2.34274618959689e-06	-0.116608203087617	-0.115612756144903	0.0234452361328389	2.34274618959689e-06	2.80342083948321e-06	0.100100909411081	0.0412233130621175	0.0103961108784965	0.0167349218673579	6.21724893790088e-15	5.40005931261755e-06	-659.321298497378	"-0.116608203087617_0.107409574238639"	"0.511619494420018_0.488380505579982"	NA
"37"	102	0.106782150852978	0.0879475123652426	-0.0313732547707724	0.0431934862653896	0.586882340696124	0.469308930401109	0.107609292183266	0.0540439430204516	0.106782150852978	0.0491659589288199	0.000171662050769239	0.0445495471405044	-589.714055401252	"-0.0235450283149197_0.0879475123652426"	"0.495754379336522_0.504245620663478"	NA
"91"	107	1.89190898850295e-08	-0.120973619612447	-0.117466740483964	0.0198839069939859	1.89190898850295e-08	4.25356078871956e-08	0.205821551367413	0.0433483325896558	7.99099153409981e-06	6.46340278598821e-06	0	1.2118888697084e-11	-609.814871459542	"-0.120973619612447_0.203556757587631"	"0.524189423277193_0.475810576722807"	NA
"99"	93	0.0144242591453854	-0.0703648755823702	-0.0660729157808662	0.0282158202640679	0.0144242591453854	0.0213546463737086	0.118780512033732	0.0435013937913035	0.00461942064518535	0.0075791514335447	3.35953487251572e-13	0.000363712170373675	-540.953725356698	"-0.0703648755823702_0.1263060440936"	"0.503677425291967_0.496322574708033"	NA
"52"	125	2.92894133262161e-05	-0.116241683856138	-0.110676529251987	0.0267854938484556	2.92894133262161e-05	6.56631617984254e-05	0.173845782136759	0.043201847789157	5.81016866270832e-05	9.8834790598438e-05	0	2.17666310257895e-08	-705.084421770116	"-0.116241683856138_0.179887415389685"	"0.5038701224062_0.4961298775938"	NA
"60"	116	1.22772014751269e-05	-0.108837512432643	-0.101982028966632	0.0238081868665859	1.22772014751269e-05	3.83623969633939e-05	0.106204508571589	0.0368909583835274	0.00366568156645084	0.00476016227694271	0	2.12038900065036e-06	-697.05581605798	"-0.108837512432643_0.109432427523911"	"0.506243459007334_0.493756540992666"	NA
"30"	102	0.00449538704904519	-0.109690920828411	-0.0975819247429709	0.0377427262318859	0.00449538704904519	0.011152497913336	0.172788070877882	0.0387161153921412	4.33130843579647e-06	2.10626228996768e-05	0	5.71915455782616e-07	-583.285879675781	"-0.109690920828411_0.188114021500891"	"0.509601047858213_0.490398952141787"	NA
"67"	107	9.91964239178131e-05	-0.104623137263879	-0.0986682346140402	0.025858468921613	9.91964239178131e-05	0.000228702637773466	0.103377476296961	0.0443178835520586	0.0218008891499457	0.0215559839378263	6.75015598972095e-14	8.2255733973597e-05	-607.761833385188	"-0.104623137263879_0.103179972029707"	"0.509092686562984_0.490907313437016"	NA
"75"	106	0.00691405966103933	-0.0759835007202484	-0.0699615697667519	0.0275772253781307	0.00691405966103933	0.0126532252304206	0.18668776288919	0.0298469288320545	2.66133092101355e-09	8.75195531711278e-09	0	2.68939678500536e-10	-626.148690224823	"-0.0759835007202484_0.19424129656557"	"0.502836302922516_0.497163697077484"	NA
"14"	104	0.138348077994699	-0.0623805775633754	-0.0539515617628831	0.0417664029061717	0.138348077994699	0.199336355334527	0.091125069317127	0.044789780773963	0.0341353017370315	0.0444701882497809	8.88044660030118e-08	0.0178403250429631	-595.356482862252	"-0.0623805775633754_0.0961662075337813"	"0.502852039389194_0.497147960610806"	NA
"84"	102	5.5186983884448e-05	-0.131761496561157	-0.124422244209243	0.0312860800153771	5.5186983884448e-05	0.000131395320631173	0.164690924562234	0.0517646969377907	0.00167250761838921	0.00194663218875536	0	1.7535061775323e-06	-558.35923263868	"-0.131761496561157_0.167184770161501"	"0.50340043073438_0.49659956926562"	NA
"46"	106	1.93792297971808e-08	-0.137249204333121	-0.134798838384893	0.022560913786213	1.93792297971808e-08	3.19172365224211e-08	0.0979685106100467	0.0437859038859213	0.0300443240203263	0.0273697256590001	0	2.2941496517292e-06	-615.390356398806	"-0.137249204333121_0.0963016317465313"	"0.511303702113217_0.488696297886783"	NA
"61"	88	4.01824736242612e-05	-0.110637480216434	-0.105812383263643	0.025568384159578	4.01824736242612e-05	8.05455527747141e-05	0.166276563043316	0.0550670887550277	0.00394941181848513	0.00332223465587071	0	7.4111707600723e-06	-506.702167872837	"-0.110637480216434_0.163064633066099"	"0.513389310624986_0.486610689375014"	NA
"23"	109	1.99292612264241e-06	-0.122998459991829	-0.113748236409265	0.0244689231819151	1.99292612264241e-06	9.49877159849754e-06	0.12103739830947	0.0461179868209189	0.00474284925466689	0.00993418423468545	0	6.88592250069774e-06	-640.865057006169	"-0.122998459991829_0.132995842448524"	"0.51183751225518_0.48816248774482"	NA
"7"	110	0.000433720574192189	-0.0984898327486047	-0.0891196300012971	0.02713439388116	0.000433720574192189	0.00137467756584418	0.207717988462444	0.0523051970713415	9.60079583859608e-05	0.000128563052084036	0	4.71445708900953e-07	-629.335656153075	"-0.0984898327486047_0.211858778658791"	"0.520401356493968_0.479598643506032"	NA
"68"	106	1.0255280403636e-07	-0.138212064946711	-0.132695976968018	0.0241745803182309	1.0255280403636e-07	2.82497043127102e-07	0.146363886075895	0.0339610408545861	2.28309604347997e-05	3.69442222644617e-05	0	2.16775452153092e-11	-614.698706672332	"-0.138212064946711_0.150584213882149"	"0.512623313760255_0.487376686239745"	NA
"92"	107	0.263742268253097	-0.0538995154399299	-0.100972941115059	0.0479725249170207	0.263742268253097	0.0376717132387552	0.129031399007464	0.0461941310589548	0.0643444131074	0.00619324872926315	5.34836182053411e-06	0.000553085256809231	-604.995117486506	"-0.0538995154399299_0.0863496494673739"	"0.502735443330317_0.497264556669683"	NA
"31"	99	0.000227849273211088	-0.0876837797972791	-0.0886187989421969	0.0229071361254239	0.000227849273211088	0.000197176981735302	0.13112513230657	0.0452556875134548	0.00472414757429453	0.004641439834567	4.21884749357559e-15	1.47598745900016e-05	-580.6373379018	"-0.0876837797972791_0.130852369959052"	"0.510280887292904_0.489719112707096"	NA
"38"	104	2.95759354443763e-05	-0.11207452976532	-0.112051164862285	0.0256386269602108	2.95759354443763e-05	2.96801815126034e-05	0.192283844511378	0.0590206097115453	0.00275042330389764	0.00152061215044947	0	2.25121160302325e-06	-565.462265731608	"-0.11207452976532_0.18109930760026"	"0.512299024378234_0.487700975621766"	NA
"15"	94	2.16484933175851e-06	-0.131820166089587	-0.124788123983086	0.0260871698663923	2.16484933175851e-06	6.45015118956606e-06	0.15595783388101	0.035436191383301	2.80978830342902e-05	2.86979372101159e-05	0	1.76909062134158e-10	-546.776654550493	"-0.131820166089587_0.156154207307483"	"0.51161258786723_0.48838741213277"	NA
"53"	103	0.0189823622631102	-0.0835675236905777	-0.0832548664409935	0.0350557786114103	0.0189823622631102	0.0194218970061991	0.158855842049103	0.0478965731599069	0.00136296093555049	0.0012630256674181	2.69562150378988e-13	4.52213798726313e-05	-570.690982632998	"-0.0835675236905777_0.157722887879245"	"0.506076974886396_0.493923025113604"	NA
"76"	114	5.67794697542152e-09	-0.120640801481244	-0.121909422702388	0.019125495443169	5.67794697542152e-09	4.13344711736338e-09	0.0826530152111729	0.04024822209232	0.0448735737972623	0.0423243699694004	5.43032285804657e-12	4.41991819945267e-06	-669.623360010958	"-0.120640801481244_0.0816384710049159"	"0.527328602912958_0.472671397087042"	NA
"100"	104	0.0141250417520696	-0.109783628978943	-0.095981183608372	0.0439735812155322	0.0141250417520696	0.0313294616347135	0.164730916453275	0.0538666211524974	0.00176165336371845	0.00283831655288155	0	0.000177330132015417	-572.298354478445	"-0.109783628978943_0.172996803851728"	"0.501946408982624_0.498053591017376"	NA
"16"	99	8.96888984867879e-09	-0.115809917869259	-0.111349759082355	0.0184172825549369	8.96888984867879e-09	2.70073401367373e-08	0.152527632269617	0.0370509860577925	6.72484205411224e-05	8.02230771585563e-05	0	1.79943340460404e-10	-584.751825732831	"-0.115809917869259_0.15429064406206"	"0.516353406343646_0.483646593656354"	NA
"69"	104	8.75580699834399e-06	-0.131075517126729	-0.121347353159836	0.028006700705487	8.75580699834399e-06	3.43049353578883e-05	0.134444548110376	0.0383964267068911	0.000693964902442029	0.00068543835604119	0	7.35736256808357e-08	-581.232493486385	"-0.131075517126729_0.134302813735064"	"0.503268919577408_0.496731080422592"	NA
"8"	101	0.00123369189023393	-0.101996089749179	-0.0981174584294578	0.0306678826802196	0.00123369189023393	0.0018456782254967	0.0874789110301115	0.0561000994372289	0.113062437613823	0.122076131667268	2.37754260723477e-11	0.00369758140090406	-579.050070865586	"-0.101996089749179_0.0896821481255554"	"0.502940328572752_0.497059671427248"	NA
"39"	114	0.00157715321925419	-0.0975256169255048	-0.0885309222776549	0.0301131174121467	0.00157715321925419	0.00398174566796653	0.121390421001746	0.0552640587226662	0.0271486669273194	0.0300943600123828	4.44089209850063e-15	0.000851512480573078	-660.413492908132	"-0.0975256169255048_0.123707815826381"	"0.504583340827014_0.495416659172986"	NA
"54"	117	1.30810713006439e-10	-0.146768190060245	-0.141103308012605	0.02078731003861	1.30810713006439e-10	5.10387001128969e-10	0.193551541813549	0.0442710316195916	2.84636715856577e-05	2.69979795098273e-05	0	7.78364685534793e-12	-653.593407145314	"-0.146768190060245_0.192955536430397"	"0.513340813646277_0.486659186353723"	NA
"77"	110	0.00313779968616239	-0.137961800958684	-0.125988271246987	0.0456649776009174	0.00313779968616239	0.0068024588065226	0.138946780261218	0.0505514084394536	0.00194263799468378	0.0070062409387272	0	0.000100628083725569	-598.914968108473	"-0.137961800958684_0.160547839328786"	"0.502347278311426_0.497652721688574"	NA
