"simNum"	"IVsNum"	"P_largestGroup"	"eff_largestGroup"	"eff_mean_minClass"	"sd_minClass"	"P_minClass"	"P_minClass_mean"	"eff_mean_maxClass"	"sd_maxClass"	"P_maxClass"	"P_maxClass_mean"	"corTest_1"	"CHVP_test"	"correct_factor"	"CHVP_test_correct"	"AIC_1"	"gamma_1"	"prop_1"
"5"	113	1.81122694972716e-05	0.141844612313979	-0.0120307589317212	0.0324254156749248	0.395809853872	0.711317055217653	0.126136976531767	0.031663988994154	1.81122694972716e-05	0.000121093116135141	4.44089209850063e-15	0.00229887248834899	1.34464422363615	0.00406884349699754	-701.928884742261	"-0.0276395042452907_0.141844612313979"	"0.498552097880015_0.501447902119985"
"2"	99	0.211896970543725	0.0484517684946554	-0.0178826359150423	0.0328427928452919	0.780353221037955	0.587339823483075	0.0734831306613257	0.0385588024275931	0.211896970543725	0.0596143987394565	0.105089627209157	0.0712528888380226	0.897993763662427	0.0612808919983318	-609.498207018072	"0.009183722805912_0.0484517684946554"	"0.499699641157836_0.500300358842164"
"4"	114	0.483216624478143	0.0221142944495303	0.0153046529480784	0.0314365039009621	0.483216624478143	0.627312334404401	0.114257342883475	0.0308276653097911	0.000776030028228767	0.000327313407749534	0.000126316191613185	0.0246133956904926	0.71185643968866	0.0146759113438556	-710.266239617322	"0.0221142944495303_0.106508088138825"	"0.500021190556407_0.499978809443593"
"1"	118	0.461055506679609	-0.0228331609220788	-0.0182380695946689	0.0308744777120974	0.461055506679609	0.555849624793443	0.101529487104206	0.0347357797640189	0.00308250035122524	0.00416392107278892	4.04970739165122e-08	0.00996324902034925	0.688995203407935	0.00547111509272051	-726.565417300507	"-0.0228331609220788_0.10498182905338"	"0.50158957559731_0.49841042440269"
"3"	135	0.457170032737591	-0.0178851759836746	-0.0172675304811827	0.0239852284487254	0.457170032737591	0.472825912500578	0.120412842655766	0.0340837522409804	0.000518549891452134	0.000564537680401914	2.78226330863163e-11	0.000954894789504054	1.26628055082282	0.00152647768435642	-831.104702066864	"-0.0178851759836746_0.121248410977867"	"0.503335876228082_0.496664123771918"
"7"	105	0.794313550954825	0.00582886110716311	0.010703952757717	0.0223000165354688	0.794313550954825	0.632237153261632	0.0715708940055339	0.0305079777406566	0.0139193780797984	0.020873794587193	0.00128395590480945	0.107246304744938	0.912339717970748	0.0949809670646185	-682.524598100835	"0.00582886110716311_0.0763213197660828"	"0.502945158951895_0.497054841048105"
"8"	100	0.14539691018769	0.0463450367844158	0.0262109467924682	0.03255808454829	0.158514971844063	0.422718994528851	0.0697476555267001	0.0315799142204499	0.14539691018769	0.0295086278991938	0.997087415027361	0.33712924875228	0.728606489953749	0.24437477621868	-628.360046634346	"0.0462587497337555_0.0463450367844158"	"0.49999999999989_0.50000000000011"
"6"	131	0.000295538787953232	0.099894995133596	0.0163640736733839	0.0309406115831641	0.698829392333931	0.597786005645041	0.0948804705382071	0.0268553970772924	0.000295538787953232	0.000569437326077686	8.29416013559126e-06	0.0553090632451849	0.987518146804187	0.0543066329149777	-834.344585721297	"0.0119974657142334_0.099894995133596"	"0.499640403333051_0.500359596666949"
"9"	114	4.23827510173501e-06	0.145993386738834	-0.003743533684299	0.0286405247588679	0.558886890225338	0.89623904741765	0.131295692409317	0.0301965961801261	4.23827510173501e-06	3.02099047467526e-05	1.4210854715202e-14	0.0011758322428192	0.770266233095523	0.000733816668210385	-717.204700900247	"-0.0167900743189566_0.145993386738834"	"0.499809744685702_0.500190255314298"
"10"	92	0.438728697590439	-0.0316526608647079	-0.0228902125317572	0.0406972778687462	0.438728697590439	0.575191942022456	0.108866634057115	0.0417118246399305	0.00495988448987577	0.0105875762155142	1.18354877010063e-08	0.0237658555729029	0.84062136694749	0.0181432188776345	-554.435407840252	"-0.0316526608647079_0.120124375538727"	"0.500294750031094_0.499705249968906"
"14"	98	0.0926914753414382	-0.0393439406471558	-0.0333223163807418	0.0231691538402002	0.0926914753414382	0.15359054332168	0.170861622826815	0.0346803749068459	1.51469209177474e-06	3.44016144298246e-06	0	9.80136530740058e-07	0.797397173695304	6.02383546609919e-07	-607.612622644574	"-0.0393439406471558_0.177746392761951"	"0.510488472190055_0.489511527809945"
"11"	112	0.97186380362816	0.000989705463154383	0.00225049395583215	0.0279969844024035	0.97186380362816	0.936077046853202	0.117675711654655	0.031020983819243	0.000196095512453132	0.000242329296234492	1.23700081289257e-07	0.0057405496732995	0.762995050848525	0.00364196833664358	-693.250251101727	"0.000989705463154383_0.119508959197845"	"0.502018424956915_0.497981575043085"
"12"	106	8.5460685085314e-07	0.162606972850137	-0.0210937415120503	0.0391186707570798	0.27675069620604	0.590873592036788	0.141265802741282	0.0310658892153372	8.5460685085314e-07	1.4618406409281e-05	0	0.00115320401075701	0.932792712554072	0.00101269532717341	-641.132506049791	"-0.0427696382543073_0.162606972850137"	"0.496726368209811_0.503273631790189"
"13"	109	0.211103003825748	-0.0408879798767461	-0.0296689860272033	0.0325022375545704	0.211103003825748	0.363365694417494	0.0916072673645501	0.0343356431523048	0.00315071410535157	0.00880595422975799	7.95057353286666e-11	0.0103145249050584	0.948439337146259	0.00943844566278602	-672.581088452897	"-0.0408879798767461_0.10370939480431"	"0.500453545859978_0.499546454140022"
"15"	115	0.000107382979652371	0.127190705770564	0.00971589229600591	0.0305998748098521	0.804150366645914	0.75143434668679	0.112130587395936	0.0316903482417485	0.000107382979652371	0.000583708993302077	3.04214431423588e-10	0.0200811530537088	1.06023022396987	0.0220769508616785	-730.42202257626	"-0.00760582586864511_0.127190705770564"	"0.498545237805982_0.501454762194018"
"16"	125	0.825278742868758	0.00545235022392999	0.00845314830407946	0.0246458342472693	0.825278742868758	0.732190612208886	0.111537170466483	0.0304198690015459	0.000329203303111843	0.000363140284818471	5.24371309484906e-07	0.00846346584069638	0.679343148254834	0.00452251208972169	-794.505485071314	"0.00545235022392999_0.112381946824977"	"0.502462671130405_0.497537328869595"
"18"	124	0.696087989059348	0.0111612145975013	0.0193908473090992	0.0285071593404969	0.696087989059348	0.497649987829197	0.0961167803637798	0.0337252601476252	0.00255120325916226	0.00512785001985275	8.57208839377677e-06	0.0823029430261495	0.917639164033831	0.0731168521960262	-791.733739280869	"0.0111612145975013_0.103885533795608"	"0.501443289456481_0.498556710543519"
"17"	125	0.408773540240834	-0.0171979946788548	-0.0156078701619047	0.0207488534309049	0.408773540240834	0.453339454207639	0.154330971926191	0.0316953686215366	2.17338223001945e-06	3.34211853410631e-06	2.93098878501041e-14	7.26058308984136e-06	0.887104247975011	5.62912413215156e-06	-764.458116097759	"-0.0171979946788548_0.157523468549022"	"0.506100645529427_0.493899354470573"
"19"	97	0.436708514975272	-0.0268631222089146	-0.0132582484003109	0.0343946234110074	0.436708514975272	0.700738758201719	0.155180600816361	0.0415150793121026	8.38908731261564e-05	0.000315276139444785	2.35367281220533e-14	0.00178206954658133	1.04095460528572	0.00192086944449833	-587.09751027068	"-0.0268631222089146_0.170556302674801"	"0.500129945674221_0.499870054325779"
"20"	108	0.637096750457063	0.0151596531276825	0.0152952939768946	0.032042394178185	0.637096750457063	0.634089681354732	0.079671853572805	0.037747830464965	0.0383578860005728	0.0371338952251232	0.00623045860676541	0.193541068836546	1.3156272273327	0.267381307686469	-676.53156377242	"0.0151596531276825_0.0791539435757577"	"0.500513805847616_0.499486194152384"
"21"	95	0.000236821228121282	0.0846135285532726	0.0215003712727097	0.0323330533607256	0.76667275634003	0.507700618325269	0.0740970371779411	0.0221325099899801	0.000236821228121282	0.0011724736999867	0.00149429503890142	0.179483086853887	0.697087803986836	0.116519112674078	-594.468327404961	"0.00962199550763177_0.0846135285532726"	"0.494371339428499_0.505628660571501"
"22"	81	0.113036442952503	0.0481786754347366	0.0255403977157876	0.0354874611295958	0.178514522591801	0.473805832932541	0.067754716325064	0.0300689358018715	0.113036442952503	0.026976914369206	0.999630301489812	0.364104211004843	0.661852723422312	0.241630343598209	-503.785267384905	"0.0481658174442085_0.0481786754347366"	"0.499999999999985_0.500000000000015"
"23"	123	0.483346237684923	-0.0163494334639885	-0.0156190757106956	0.0232540598209462	0.483346237684923	0.503063104069208	0.0808317674788528	0.0271471420311538	0.00365094182029994	0.0035056547149028	5.05414992080233e-06	0.00696969649137419	0.77019596903982	0.00450990162338248	-787.589090950493	"-0.0163494334639885_0.080468336563947"	"0.501918033086947_0.498081966913053"
"25"	96	0.685672223475918	0.013926805395284	0.0194148728168449	0.0343043892393503	0.685672223475918	0.572756204217309	0.134853212131836	0.0393750336256643	0.000535938929949604	0.000909888670785513	4.47110019674568e-07	0.0270696690847254	0.647931337638658	0.0141516039245837	-592.264417612037	"0.013926805395284_0.141126846706437"	"0.502604404830999_0.497395595169001"
"24"	140	0.36118678212685	-0.0259589134820561	-0.0144320611724284	0.0283354861202234	0.36118678212685	0.611329844069525	0.0850878700607964	0.0300795791952224	0.00156768827923046	0.00536465066514699	3.07292857826269e-10	0.016027948103643	1.13701951879007	0.0198462109658169	-895.572066111851	"-0.0259589134820561_0.0970228075315521"	"0.500523721124127_0.499476278875873"
"27"	89	0.112166670191506	-0.0412669286241711	-0.0360652237812391	0.02571801796989	0.112166670191506	0.164333711031666	0.0292733844983071	0.0320082089887937	0.302129150992152	0.362922532196654	0.0016015650126493	0.111544948375214	0.622055177749397	0.0605017263165579	-558.091529703193	"-0.0412669286241711_0.0332234606728283"	"0.501731756847184_0.498268243152816"
"26"	100	0.910685955405726	0.00289034889293171	0.0103147462555014	0.0257009997461765	0.910685955405726	0.689037456413661	0.119005034826559	0.0371305111695467	0.000994824647627631	0.00181800201826105	7.99661282524511e-07	0.0160883173726909	0.840021029970369	0.0121698857159914	-606.312137503348	"0.00289034889293171_0.125988181976853"	"0.50603705573901_0.49396294426099"
"29"	115	0.00758288536989619	0.0584598197832971	0.0503485639671706	0.0197209068428519	0.0036976105229591	0.0119994404221689	0.0681130291159256	0.0215043960102927	0.00758288536989619	0.00197406304650977	0.999794918183063	0.542636009196438	1.04595615306553	0.561302629132284	-725.828843212951	"0.0584536027035032_0.0584598197832971"	"0.5_0.5"
"30"	113	0.000586686730195315	0.0983197727604225	-0.000806176537593028	0.0346237175233093	0.794172338269164	0.981465215740809	0.0902913963731965	0.0277845911126175	0.000586686730195315	0.00152575205431569	3.93601682802114e-07	0.040165166787208	0.760700623909214	0.0268677689186437	-726.515013142194	"-0.00905477256255612_0.0983197727604225"	"0.499323874636453_0.500676125363547"
"31"	117	0.261074167096725	0.0237500325315248	0.0306208167880575	0.0210295556973528	0.261074167096725	0.148070444725582	0.0830403675826906	0.0295849170133851	0.00346523542102431	0.00587000769600945	0.0014214530692882	0.148692944182444	1.19412876430627	0.185843539158489	-747.700517546469	"0.0237500325315248_0.0882940223543328"	"0.50162696861257_0.49837303138743"
"28"	127	0.0959139741274738	0.0509238729595318	-0.0279360636869791	0.0355069465643806	0.453002359641382	0.432889503277621	0.0525236892240655	0.030356101476023	0.0959139741274738	0.0860337909234174	0.000270700552538194	0.0850015316159246	1.14817552928717	0.102991441158916	-784.317736861442	"-0.0267279652251848_0.0509238729595318"	"0.498969461312649_0.501030538687351"
"32"	94	0.48152093358062	-0.0191390718156943	-0.0165063893645439	0.0270823833538694	0.48152093358062	0.543687174341627	0.0684334088640581	0.0401233594081911	0.0782105117688255	0.091425145637021	0.000468244183583932	0.0793170348349121	0.797812398530852	0.0582007980877255	-586.218103740997	"-0.0191390718156943_0.0714516380000058"	"0.502716296747696_0.497283703252304"
"33"	104	0.0377485394857804	-0.0521271948388758	-0.0433161738207268	0.0247667668879619	0.0377485394857804	0.0832762785261433	0.14693546689668	0.0316060940996564	1.74459633142462e-06	9.92289411949203e-06	0	2.15776024751077e-06	1.0376479985063	2.34477774867717e-06	-643.226193151064	"-0.0521271948388758_0.160317008053275"	"0.506598990402999_0.493401009597001"
"34"	117	0.335444215238846	-0.0263910757876912	-0.0125198663633796	0.0272853751026043	0.335444215238846	0.647201221495718	0.127739621771973	0.0382516743364415	0.000365933164073936	0.00112935516152459	5.46229728115577e-14	0.00283453279110718	1.44993348884617	0.00580800182904129	-732.077887050784	"-0.0263910757876912_0.140443365561347"	"0.503255693231232_0.496744306768768"
"36"	90	0.569400031020115	-0.0206353413626774	5.22965130847398e-06	0.0361353285853738	0.569400031020115	0.99988485081142	0.152612225116224	0.0396895349990982	2.78725140562073e-05	0.000225886385811224	2.44249065417534e-15	0.00446687157552947	0.937491268922507	0.00398780394278867	-539.504717210767	"-0.0206353413626774_0.175389131641254"	"0.508037310051484_0.491962689948516"
"37"	104	0.343210783209035	-0.0282485199180601	-0.0210938707485445	0.0296657210833153	0.343210783209035	0.478659132090969	0.125233384108515	0.0362263815363112	0.00043115298371843	0.000795187264239774	1.53534962521462e-11	0.00177740961227011	0.828499298973008	0.00126710511780652	-637.302121289624	"-0.0282485199180601_0.131794939020393"	"0.501515290173404_0.498484709826596"
"35"	112	0.0359071580690752	0.0530103481339767	0.042865822299575	0.0249600816364352	0.0359071580690752	0.0886994298847067	0.107951274698329	0.0322350745160014	0.00275762590486561	0.00110891110895522	0.0570032588593687	0.11038894550446	1.02386002966507	0.113891837877878	-692.442445177909	"0.0530103481339767_0.098707288518537"	"0.503868536205919_0.496131463794081"
"39"	99	0.0772061165723136	0.0359981474550127	0.0325009387000739	0.0201567093524069	0.0772061165723136	0.110088015497151	0.0391485798698526	0.0213067112827845	0.0942903204936043	0.0691836060218777	0.999969959229784	0.820698044331674	0.710978145870884	0.696572617239628	-625.745172442657	"0.0359981474550127_0.0359990660782051"	"0.5_0.5"
"38"	113	0.488592214297429	-0.0189355166997277	-0.0186984954265401	0.027251474071828	0.488592214297429	0.494038901311721	0.0915237250211034	0.0328464858028004	0.00643971826298998	0.00626124848587053	1.19014368493708e-06	0.00980702424392432	0.948633384667857	0.00897451820771867	-711.563868897411	"-0.0189355166997277_0.0912029989077948"	"0.501632906336199_0.498367093663801"
"40"	109	0.00981431026706466	0.0885301374799484	0.0175810569470842	0.0330970388391498	0.50540540388431	0.596372865854249	0.0914396526140251	0.0336755140073946	0.00981431026706466	0.0077109388808251	0.00565741860650348	0.117762587590788	1.15738990765364	0.142739538485222	-672.806978774492	"0.02211679927118_0.0885301374799484"	"0.497391015950467_0.502608984049533"
"42"	109	0.653306531329932	-0.0113202600115945	-0.00323660063725228	0.0251323659295993	0.653306531329932	0.897769532764281	0.0600880846260745	0.0319140899997474	0.0342110412080509	0.0624173299191858	0.000194985222198074	0.119025374207288	0.968229417473795	0.114115066834741	-684.65696435146	"-0.0113202600115945_0.0684490885111748"	"0.502419747047956_0.497580252952044"
"41"	103	5.15501863990223e-05	0.140303038612212	-0.0184943173606561	0.0452393722004054	0.590680617780905	0.683536005617141	0.135993218990821	0.0331862000449752	5.15501863990223e-05	8.3805473758229e-05	2.26197505170944e-10	0.0058966108921717	0.804889782532474	0.0040834139769729	-620.832561855948	"-0.0244090806045139_0.140303038612212"	"0.49883208676964_0.50116791323036"
"44"	103	0.793191466130984	0.00618612025890787	0.0123209048569377	0.0235342195256176	0.793191466130984	0.601740048080333	0.159873707759564	0.0322988071645607	1.67015029630048e-06	2.94397499939839e-06	8.46567260737174e-12	0.000222322971335593	0.819593960225474	0.000151468874387959	-640.40641817221	"0.00618612025890787_0.164263240814006"	"0.502553094141103_0.497446905858897"
"43"	119	0.0957426873013294	-0.0602829635498643	-0.0388527383722492	0.0358980098159942	0.0957426873013294	0.281322030358423	0.127980113933939	0.0397861364176653	0.000264810092567182	0.00167380027162593	0	0.00185015285219893	0.793218438366667	0.00122410220001399	-717.48391473622	"-0.0602829635498643_0.149639642157078"	"0.50206560339571_0.49793439660429"
"46"	104	0.000352804646789291	0.14586253974703	-0.0180945209653316	0.0400389877917759	0.363925398374816	0.652275036841446	0.128181136356356	0.0394634291583099	0.000352804646789291	0.00156892259470734	1.33226762955019e-15	0.00927012000007762	0.800482674725344	0.00642257864846397	-633.449252720151	"-0.0365134889892126_0.14586253974703"	"0.496525509282619_0.503474490717381"
"45"	109	0.00381785243711273	0.0744588494049328	0.0127840167064276	0.0352393274998308	0.459098660752481	0.717480496748618	0.086436141866058	0.0251818599720554	0.00381785243711273	0.00084884969878423	0.0694757774263697	0.089037206639772	0.954449894647793	0.0835473633957966	-676.851326590955	"0.026182596053291_0.0744588494049328"	"0.496485236303248_0.503514763696752"
"47"	105	2.81652000438388e-08	0.148031516792542	0.00123172139517533	0.03605295465996	0.887249836592576	0.972811676196297	0.142256044112609	0.0246439626553428	2.81652000438388e-08	8.15258258641758e-08	5.30695487555022e-11	0.00124112061079703	0.833914728289774	0.000890674236697855	-658.012631885334	"-0.00512431911165275_0.148031516792542"	"0.497160877841795_0.502839122158205"
"49"	92	0.437526031981211	0.0186703180830789	0.024378458725038	0.0239421271844271	0.437526031981211	0.311270802133934	0.101200946121094	0.0360497340686282	0.00358749928141614	0.00611246793831898	0.000196272270501119	0.0758686768908014	0.810815635233092	0.056806041168085	-573.062914090902	"0.0186703180830789_0.107790348881173"	"0.506097203143748_0.493902796856252"
"48"	99	0.592308116106114	-0.0155121138043557	-0.0103638787236552	0.0288728166550746	0.592308116106114	0.720405168156692	0.119955916095809	0.0397499561698204	0.00214826180072685	0.00324509061158776	2.65958308709457e-08	0.00798786451327502	0.708081459134852	0.00454221822799807	-599.566204586373	"-0.0155121138043557_0.125312549957704"	"0.505080933520055_0.494919066479945"
"51"	86	0.830528675002077	-0.0050744613611546	-0.00179583156557285	0.0236369934266731	0.830528675002077	0.939617155533786	0.107815587109893	0.0350708941192711	0.00213457255018186	0.00283724276314848	6.63490053298688e-06	0.00954941622643165	0.83549754468518	0.00709143390687861	-525.661042340992	"-0.0050744613611546_0.11109585393183"	"0.50863524346578_0.49136475653422"
"52"	125	0.352720790586531	0.0229531524362653	0.0240182325026551	0.0246059449478185	0.352720790586531	0.330907915532736	0.0674238544338519	0.0277775987364376	0.0147243007114874	0.0166499357640838	0.0215711555096709	0.242124938413432	1.11638690031333	0.273623159526387	-805.595191844732	"0.0229531524362653_0.0687140557696007"	"0.500296496111283_0.499703503888717"
"50"	112	1.80888156346784e-05	0.117090454646929	-0.0220016190680428	0.0349390291965302	0.48931555733062	0.530175344930107	0.112960813724403	0.0261256882053562	1.80888156346784e-05	3.36276132787457e-05	1.75345915565117e-09	0.00197760234300287	2.45666155411359	0.013656477986849	-699.736616981812	"-0.0242374256721789_0.117090454646929"	"0.497747310560088_0.502252689439912"
"53"	104	1.44044253755439e-08	0.160815831415229	0.00138327793565492	0.0333703976508768	0.861215779764674	0.967015609243555	0.15524008291069	0.0261164393910227	1.44044253755439e-08	3.82787609374173e-08	2.70006239588838e-13	0.000282513735657506	0.89129699715697	0.000225848404753793	-639.842132531266	"-0.00584865058950436_0.160815831415229"	"0.498359097474296_0.501640902525704"
"54"	111	8.13836874906664e-11	0.185588081478694	-0.0209413313562537	0.029998578069652	0.354142029712942	0.486601820779632	0.17902807396642	0.0257994252157254	8.13836874906664e-11	2.86673975659654e-10	0	4.3269618368556e-07	0.832739425892675	2.89391655420733e-07	-674.317162506215	"-0.0279141342147133_0.185588081478694"	"0.497214916552709_0.502785083447291"
"56"	113	0.7778171150024	-0.0095265924230001	-0.00811162052910781	0.0336812202441939	0.7778171150024	0.810123226559414	0.0622666965888376	0.0371932497572448	0.0913633171864796	0.096893589377058	0.00130619909540952	0.160738397666071	0.834504573588412	0.128694766878175	-702.151601572178	"-0.0095265924230001_0.0633358134979111"	"0.5001726308625_0.4998273691375"
"55"	127	0.000204381394690392	0.106877064143287	-0.0200603565610562	0.031860073149697	0.436943892348362	0.53007061784398	0.103069919328667	0.0279385387916976	0.000204381394690392	0.000333331097047521	2.67390110053611e-10	0.00366384712240381	0.963288595568265	0.00342746902683897	-796.202257492757	"-0.024845953908214_0.106877064143287"	"0.499615785404719_0.500384214595281"
"58"	101	0.134163442932169	-0.0507733109590764	-0.0356860000874088	0.033621794301715	0.134163442932169	0.291067168905168	0.089829199291061	0.0356366058371181	0.00414065653396428	0.0132932080672228	7.78239694909644e-11	0.0104113673075611	0.764637123639699	0.0067273084189156	-620.110216202421	"-0.0507733109590764_0.104585402234612"	"0.500429619282584_0.499570380717415"
"57"	117	1.77119129336736e-05	0.152549562095562	-0.000223721018316706	0.0377130709159949	0.504566843120231	0.995277016654647	0.128843907905271	0.0340634711969836	1.77119129336736e-05	0.000247140472027562	4.44089209850063e-16	0.0110935175030082	1.43719122472429	0.0210431260074542	-717.895350418496	"-0.0252453488164218_0.152549562095562"	"0.498405178700561_0.501594821299439"
"59"	120	0.681451874962205	0.0144304784492522	-0.00860563811618446	0.0350686611516012	0.681451874962205	0.806574096505174	0.0603743575325599	0.0310047371785522	0.225461281201903	0.0538590299760757	0.268236817085015	0.140578368312078	0.699718535237731	0.089918315730708	-750.490806085927	"0.0144304784492522_0.0377778727828824"	"0.500111805155002_0.499888194844998"
"61"	98	0.958793477394115	0.000849310251776344	0.0040744767490923	0.0163955115210459	0.958793477394115	0.804263888313117	0.0728224921188448	0.0331459036607655	0.0208001823271374	0.0303995374239165	0.00075225004800461	0.0630132644610826	1.15198908754009	0.077363957635452	-621.507500481971	"0.000849310251776344_0.0778923230112701"	"0.51341875277846_0.48658124722154"
"60"	115	0.346755659834537	-0.0307615975511783	-0.0263168535223394	0.0325586087752157	0.346755659834537	0.420606211839731	0.0669509789237153	0.0394551670766957	0.0766389342376242	0.0924466789905939	5.54678414754761e-06	0.0682638710003254	0.979931783992827	0.0663293150907378	-723.060843862806	"-0.0307615975511783_0.0704957369606023"	"0.50037278590288_0.49962721409712"
"62"	114	0.620807265889518	-0.0152504644241577	0.000689572003982624	0.030742453186816	0.620807265889518	0.982144023428853	0.133792129573387	0.0368021577261273	9.56811914064409e-05	0.000419268524261387	1.14130926931466e-13	0.00550857929368237	0.8527411558658	0.00419268456463643	-707.70710713585	"-0.0152504644241577_0.148896701215869"	"0.501142859310309_0.498857140689691"
"63"	114	0.734067840436327	0.0100492806170557	0.00702088657675014	0.0295081841274371	0.734067840436327	0.812366163767738	0.106195180100372	0.0307809143829261	0.00110532002323027	0.000788921260018286	4.89386590629692e-05	0.020027448668576	0.783492638031632	0.0136788500705495	-702.52006314976	"0.0100492806170557_0.103063092271234"	"0.501069504956197_0.498930495043803"
"64"	94	0.562542968246979	0.0176337269722402	0.0192720279082968	0.0303426428477128	0.562542968246979	0.526892414053571	0.107205626254062	0.0351433987679558	0.0023416759600499	0.00297648693486969	0.0002366571652197	0.0582381860456051	0.850742945779175	0.0462226400869344	-585.07595115781	"0.0176337269722402_0.109970135598181"	"0.502502978694258_0.497497021305742"
"65"	105	8.61907442226145e-06	0.126281925252281	0.0293051556315454	0.0359723891342866	0.504970624509056	0.417130288524768	0.120094837105382	0.0269734990443112	8.61907442226145e-06	2.14220218119575e-05	8.96491153001833e-06	0.0434609164973539	0.847829228193195	0.0340720745616539	-656.70838013999	"0.0240659365394343_0.126281925252281"	"0.497708734069662_0.502291265930338"
"67"	101	0.266234781464553	0.0297937748246179	0.0356526659826951	0.0266485629203236	0.266234781464553	0.183969055713921	0.0781281863485296	0.0318295179520243	0.00994276771897224	0.0158322060752422	0.0163466635098359	0.306210782679217	0.709128570176832	0.213439162275377	-652.337407092952	"0.0297937748246179_0.0836473802565927"	"0.500136016599009_0.499863983400991"
"66"	107	0.896560183931356	-0.00390112255589769	0.00797398832219193	0.0299349293483949	0.896560183931356	0.790466052052675	0.124955114969145	0.033367787812226	8.78549309871093e-05	0.000293894153055752	2.03165040346676e-10	0.00906531621105706	0.936892674852958	0.0081208882164522	-670.618446054382	"-0.00390112255589769_0.136099271884612"	"0.501478767658146_0.498521232341854"
"68"	107	0.317843030276763	-0.0300195701401731	-0.0161415720222859	0.0299110213175244	0.317843030276763	0.590568217315815	0.118032634105835	0.0412777025052665	0.00169355975037055	0.00511098687845121	3.61044527608101e-12	0.00848531429249368	0.953346182546516	0.00782381575545462	-655.872004281002	"-0.0300195701401731_0.13297939866043"	"0.502323195099601_0.497676804900399"
"69"	105	0.616742689572102	-0.0113679921160205	-0.0075160405176588	0.0226463040338304	0.616742689572102	0.740641622206486	0.0824617540609869	0.0321155357925044	0.00910383903102684	0.0116600940337647	4.36879060963236e-05	0.022039886172104	0.842591714291939	0.0168587790254072	-658.117115466308	"-0.0113679921160205_0.0853605517770908"	"0.506771941261904_0.493228058738096"
"71"	100	0.0330677857960094	0.0696072300835748	-0.0204574021178758	0.0367915938432359	0.374223153314117	0.579441692213819	0.0585884454019035	0.0322032518747991	0.0330677857960094	0.071883155254468	5.4105327138565e-06	0.105951308431233	1.03048927526119	0.11028341027505	-629.151757980721	"-0.0328410602731255_0.0696072300835748"	"0.499549328485858_0.500450671514142"
"70"	117	0.408319854118828	-0.0299127816883572	-0.0157501426794877	0.0360453710965599	0.408319854118828	0.662957564760483	0.120824290968012	0.0409784515316696	0.0012698059327865	0.00386247524256627	7.56728013584507e-13	0.0123326943674938	0.717766588261613	0.00726162691051546	-715.990611452515	"-0.0299127816883572_0.135376276824301"	"0.500094990305797_0.499905009694203"
"72"	112	0.00035950900493998	0.124265126673297	-0.0414245461620572	0.0331861159101044	0.101856075622128	0.214566334919334	0.109447806662827	0.0337526717222337	0.00035950900493998	0.00156432208384617	0	0.00143577416456692	0.966679428859246	0.00134795711963009	-674.96538469479	"-0.0547431514902722_0.124265126673297"	"0.499983517452877_0.500016482547123"
"73"	100	0.200010962642068	0.0449450258932615	0.0106359081459545	0.0348376016715877	0.200010962642068	0.760778900961226	0.0853329607323788	0.0463281003589423	0.334012256416419	0.0684794048532792	0.999126731205929	0.19751773710439	0.709291507726209	0.131944583789015	-595.696143792239	"0.0449450258932615_0.0449754624195166"	"0.50000000000004_0.49999999999996"
"74"	118	0.0958528724305	0.051495434835333	0.0163987421873649	0.0306732959797681	0.0958528724305	0.593923011228003	0.0953943339626703	0.0345563261231287	0.0842541227802032	0.00670106928542085	0.699738883601004	0.0873323282991932	1.20704818403009	0.113382142142179	-728.73031136256	"0.0601739861329982_0.051495434835333"	"0.499911353680949_0.500088646319051"
"75"	101	0.443287795897768	-0.024632513408978	-0.00405623827866755	0.0320024324416906	0.443287795897768	0.899394508524606	0.143231299147947	0.0378757778714028	3.86308109697569e-05	0.000265377644304062	2.22044604925031e-16	0.00297441196160475	0.912197608011805	0.0025242029402282	-617.766154418187	"-0.024632513408978_0.163154507066409"	"0.503994677655796_0.496005322344204"
"77"	106	0.233029986188473	-0.0325552339403938	-0.0289753313882146	0.0271404755844666	0.233029986188473	0.288146788317836	0.113070036935673	0.0356718730227315	0.00180816233439191	0.00199965573434344	1.91233118229661e-09	0.00152943794291262	0.666849781998624	0.000753568118722742	-654.914406067779	"-0.0325552339403938_0.114210649279259"	"0.502335711898645_0.497664288101355"
"76"	120	0.202047385790027	-0.0398375886077455	-0.0277381803662422	0.0310546488301348	0.202047385790027	0.373549967516724	0.0868291999002498	0.0359967501632071	0.00696223708071989	0.0173865747995334	3.50861562026239e-11	0.0159586812144443	0.810112485090234	0.0114063246615104	-744.00447348953	"-0.0398375886077455_0.0988606268292519"	"0.500476935577476_0.499523064422524"
"78"	125	0.0682635733497591	0.0567985002393932	0.0306550921935953	0.030880543264907	0.0682635733497591	0.322789726906057	0.0822745705404783	0.0345437324433977	0.102299966143657	0.0187512215033719	0.997871864586317	0.265251898337419	9.99994439035756	0.999540884911857	-781.296646484145	"0.0567985002393932_0.0568583384894506"	"0.50000000000028_0.49999999999972"
"79"	122	0.136201048059923	0.0329594903938236	0.0399662704401444	0.0219719680666343	0.136201048059923	0.0713894531929963	0.12318874985418	0.0343896432084934	0.000190296397546011	0.000491908451813603	3.28983596675769e-06	0.0414208904881065	1.25674852293336	0.0588610503296893	-770.862873315487	"0.0329594903938236_0.132395577935182"	"0.507469715837513_0.492530284162487"
"80"	123	0.0749235455083021	0.0390567920073174	0.0393869279969767	0.02174306777219	0.0749235455083021	0.0725281246670003	0.0690637993849046	0.0233217311652997	0.00380460520490337	0.00368208120568942	0.138212699817017	0.351986983135303	0.909732115545289	0.320632922004618	-808.800227786661	"0.0390567920073174_0.0688112140206431"	"0.500110724215961_0.499889275784039"
"82"	85	0.895418679486197	0.00351278945201264	0.00951513513337002	0.0266424293719599	0.895418679486197	0.721881059819779	0.0727496830007812	0.028581251542708	0.00769705487338995	0.0127436056426391	0.00277791964867102	0.105583884531977	0.977813524733786	0.10247581898968	-541.945822349887	"0.00351278945201264_0.0780503297784092"	"0.502937908531744_0.497062091468255"
"81"	108	0.909247550083828	0.00268214360359447	0.0158490940098624	0.0234744884993594	0.909247550083828	0.501028937088882	0.0713286319736409	0.0328998544319467	0.0113094979958576	0.0323704624170976	0.000210744932587215	0.169841688150803	0.8332277937113	0.136061014538827	-684.867977724257	"0.00268214360359447_0.0848027935612997"	"0.502805374021051_0.497194625978949"
"83"	112	0.776159591673297	0.00679052067057882	0.0101020101899533	0.0238246791196003	0.776159591673297	0.672375809132961	0.105522665991127	0.0321641939012405	0.00104450012042789	0.00138390613897437	3.51378039553651e-06	0.0171295716084145	0.942735005350418	0.0155715829194837	-705.737038658846	"0.00679052067057882_0.108300537518557"	"0.503170134582669_0.496829865417331"
"85"	86	0.0601131371869075	0.0504879653390813	0.0307402669634525	0.0260447310449242	0.136921510235052	0.241178439596969	0.0592638990448162	0.0264977475863615	0.0601131371869075	0.0279331556384106	0.619724641369978	0.442663770866249	0.868062803056257	0.390258190258097	-550.978052483133	"0.039107236055934_0.0504879653390813"	"0.499995125228716_0.500004874771284"
"84"	120	4.54561556502255e-06	0.125663963482453	-0.0278382703998913	0.0274543157543714	0.185903879225772	0.3126470305187	0.118239263279416	0.0261490190890969	4.54561556502255e-06	1.45928228369071e-05	3.5527136788005e-15	0.000116768731831936	0.824444528790307	7.98940076972184e-05	-763.256823671521	"-0.0365274419900011_0.125663963482453"	"0.499793470019534_0.500206529980466"
"86"	97	0.470251702174267	0.0216023067832133	-0.00299153717171135	0.0297987210565725	0.470251702174267	0.920242908585999	0.0629125854574606	0.0286034416307186	0.198094745586455	0.0302446541753849	0.586321727342858	0.110591518935807	0.883491458625138	0.0939643356305341	-600.088457546091	"0.0216023067832133_0.0370690541916794"	"0.501848319306679_0.498151680693321"
"87"	100	0.86466191581995	0.00595388371950199	-0.00436136946845939	0.0348411925291461	0.86466191581995	0.900636051262303	0.107066956732551	0.0409766015967207	0.0236920232231034	0.010377266682684	0.00179068591604903	0.0382955500773897	0.98103556555571	0.0372009034210383	-604.127900495935	"0.00595388371950199_0.0941459732202089"	"0.500866806093796_0.499133193906204"
"88"	96	0.781863820340206	0.00858855743392886	0.0221868601809586	0.0309300445916253	0.781863820340206	0.474934352663987	0.0651823517235779	0.0321009524702885	0.0161963112602754	0.0450965372254873	0.00191657478256246	0.334787981252734	0.782663270642754	0.261060975236769	-618.343535571551	"0.00858855743392886_0.0785866524580635"	"0.50002202330673_0.49997797669327"
"89"	109	0.777195194176174	-0.00963727290000755	0.011159752614592	0.0339717844063781	0.777195194176174	0.743169248194735	0.118494758509767	0.0374337004436937	0.000239798945483099	0.00201233961720234	3.30713234575342e-12	0.0337272332043973	1.00364084245443	0.0339161950263607	-685.108214688809	"-0.00963727290000755_0.142244372611323"	"0.502371914973714_0.497628085026286"
"90"	101	0.104584161810154	0.0464635793804993	0.0493095744184373	0.0283676636131495	0.104584161810154	0.0852480390756939	0.11811474361872	0.0333375695468031	0.000409511364398712	0.00060295759329967	0.00192570614499576	0.115986303256319	0.798596593419701	0.086605670115346	-627.535991290907	"0.0464635793804993_0.121906936477068"	"0.504171219281006_0.495828780718994"
"91"	119	0.027231744641268	-0.0694593694160164	-0.0564644364974997	0.0310640731976283	0.027231744641268	0.0716507476563683	0.143235945179855	0.0320405611178159	3.28221719671392e-06	1.80448040512709e-05	0	7.64569844844984e-06	0.801782478615013	4.83119141835092e-06	-714.795387485312	"-0.0694593694160164_0.15652393991087"	"0.502629707010217_0.497370292989783"
"92"	99	0.231607785341353	0.0427220786872735	0.0115164170751994	0.0373376570503424	0.255485818272216	0.758402432119391	0.0718374072444788	0.0354925067667008	0.231607785341353	0.0456902811481875	0.999569150104475	0.241624849233189	0.887637243175187	0.211458968672325	-616.561037217251	"0.0427074449518236_0.0427220786872735"	"0.499999999999999_0.500000000000001"
"93"	115	0.167711562981108	-0.0404793569903449	-0.0282298521858381	0.0291546576351386	0.167711562981108	0.334954674156123	0.134522762784955	0.0295466955355868	2.8486528146798e-06	1.33260309624255e-05	0	8.82208216351872e-05	1.28525866373954	0.000151912493695823	-716.815360455582	"-0.0404793569903449_0.145588014941841"	"0.500830469934485_0.499169530065515"
"94"	97	0.0482863780917579	-0.0710713110726884	-0.052833235856904	0.0355292980366904	0.0482863780917579	0.140283266981597	0.152159332330508	0.0416134739565266	7.4880136153026e-05	0.000417339658343674	0	0.000179407816750114	0.878196553794373	0.000138972429482888	-582.18305700827	"-0.0710713110726884_0.172243029086847"	"0.503797180251563_0.496202819748437"
"95"	102	0.386409514779995	-0.0277557467153033	-0.0101714919327654	0.0319062679179068	0.386409514779995	0.750541889978256	0.113456965326953	0.034777258047045	0.000299915075908133	0.00150753802168758	6.79234446465671e-13	0.00880675742405337	0.94773101151372	0.00804141455181972	-630.687195391007	"-0.0277557467153033_0.130252118001255"	"0.500968518163083_0.499031481836917"
"96"	103	0.605602742883419	0.00997132934128184	0.0142612398132554	0.0192508849090383	0.605602742883419	0.460510928296136	0.0577246778295337	0.0275740551202409	0.0222707251790313	0.0387896983222059	0.0219905368220339	0.196208141635117	0.785072234942442	0.147547889084265	-666.033033505241	"0.00997132934128184_0.0640023090039078"	"0.504511207566727_0.495488792433273"
"98"	110	0.68884103793675	-0.00939591015509901	-0.000522535999171997	0.0234022494361611	0.68884103793675	0.982226777320941	0.0500661113413391	0.0300898080052001	0.0500410706650083	0.0990070022203972	0.000926123233707887	0.184468154950602	1.87197805904501	0.385170956865272	-692.220418426441	"-0.00939591015509901_0.0596261437280038"	"0.502079654394646_0.497920345605354"
"97"	108	0.956382049127504	0.00142938520140134	0.0101359091975178	0.0260729312035769	0.956382049127504	0.698231964771404	0.0735537016482093	0.0337025880389537	0.0145291635239059	0.0312639665501051	0.000210930350814431	0.136668981371344	0.759965932291875	0.0966638720155159	-672.146721462325	"0.00142938520140134_0.0837288482239551"	"0.505590301725047_0.494409698274953"
"99"	93	0.00271905914659937	0.0818673537491176	0.0689536072671811	0.0266214040567996	0.00286465946929868	0.0111535851041315	0.0968271576688156	0.0265694277288121	0.00271905914659937	0.000443549418281782	0.9900104686952	0.458639548848615	0.889464785471473	0.414182172971944	-596.290510497964	"0.0815699477706266_0.0818673537491176"	"0.499999999997632_0.500000000002368"
"100"	105	0.174674279393995	0.0468006634414364	0.0175631865632631	0.0342441613378436	0.174674279393995	0.609122111882835	0.0752380514709348	0.0338133221011672	0.167156338832709	0.0282339332008865	0.991851005108349	0.230745016960136	0.972951048658623	0.223698315859056	-659.798418075602	"0.0468006634414364_0.0470385738817112"	"0.500000000003235_0.499999999996765"
