simNum	IVsNum	P_random	eff_random	AIC_random	P_fixed	eff_fixed	AIC_fixed
26	106	3.93346359761914e-06	0.073298596588735	-679.436384273886	8.27550713150312e-07	0.0737366259286883	-681.267336636916
11	109	0.0127272668785371	0.0445255987898905	-659.930931922986	0.0127272668827322	0.044525604425589	-661.930931922386
41	98	0.165718368981069	0.023527015487947	-618.900780743263	0.178227530354014	0.0218497084732286	-620.791867762171
71	110	0.0191523211638675	0.0366205448207764	-690.4165297215	0.0191523212227168	0.0366205448207764	-692.4165297215
16	107	0.176969395242443	0.0214108957800331	-666.799393473572	0.15562422841581	0.0218171607400602	-668.045596250798
81	115	0.00482571141826567	0.0421260828892275	-727.707346825725	0.00482571141827346	0.0421260828892275	-729.707346825725
86	99	0.00045749748040885	0.056364402816217	-635.315741097965	0.000457497480487082	0.056364402816217	-637.315741097965
76	108	0.000560711405535043	0.0554891165343006	-683.391215078075	0.000597293597236882	0.0528526461955655	-681.128857942184
1	114	0.00227078315969203	0.0522569828951886	-701.639964255934	0.00226833345080442	0.0522569823900253	-703.639964251584
36	96	0.0481408060113386	0.031621958797433	-602.774413346	0.0512425576339469	0.0306218115710964	-604.451862609084
46	100	0.00146835626719278	0.0566061331312647	-623.650295192879	0.000660681816160951	0.0584420088723368	-623.932138956675
96	110	0.00274323998996625	0.0524584924352815	-673.719934427954	0.00200494703375018	0.0525742862601064	-672.590829435718
61	98	0.0173255483773105	0.0436827609468221	-606.036000631898	0.00562382694037186	0.0480789067120966	-605.419669101252
21	97	0.000124280764128997	0.0706705281250627	-583.826613934449	0.000124280764796262	0.070670522417107	-585.82661391232
12	102	0.0111627494134153	0.0480267102154985	-612.020531954401	0.0055732790928053	0.0501146314235247	-609.364905319681
51	110	0.00285098394930365	0.0518672997080422	-672.022450457905	0.00285098416010041	0.0518672993837714	-674.022450385078
91	102	0.00286036193760186	0.0500680239053552	-648.279545901217	0.00218108146956414	0.0500680239053552	-650.279545901217
6	108	0.0432271335247608	0.0359865334652249	-655.000689719855	0.043227133592704	0.0359865433809563	-657.000689716996
31	107	0.00464893312369111	0.0433675452570897	-690.16467728597	0.00404634768376066	0.043677676152837	-691.490284621256
17	101	0.000761713667005417	0.0499746906046176	-668.703924030776	0.000761713667029612	0.0499746906046176	-670.703924030776
27	98	0.0693206706993238	0.0304680623746306	-607.868442162994	0.0690523099299423	0.0281166089331733	-606.69418918887
66	109	0.009537564612894	0.0416583947058511	-670.878484114523	0.00940415009638764	0.0416583923567512	-672.878484114546
77	92	0.00591455973910049	0.0486952862582325	-579.049124491927	0.00338787370263833	0.049382520001092	-579.404380527897
2	96	0.000996187664725659	0.0576212905036975	-600.975388412206	0.0003825455338996	0.0579897272710958	-599.700785126423
52	125	0.0452883027028918	0.0334763180706923	-754.707914700618	0.0452883032950323	0.0334763209547507	-756.707914678576
47	118	1.38205453170235e-05	0.0728971061662206	-737.291296665044	4.5149623393852e-06	0.0744871660993118	-736.323172309056
92	105	0.0133586094949234	0.0455293330530554	-624.099551164701	0.0123632901482106	0.0455293314425962	-626.09955116548
32	103	0.00407867050806657	0.0477465139862956	-645.330302468343	0.00407867050565113	0.0477465075890537	-647.330302468415
97	91	0.0320905562346431	0.0444561837492474	-540.933606916829	0.0305242859513194	0.0444561837879257	-542.933606961376
13	116	0.00483705263389619	0.0446839009232956	-737.66586844432	0.00483705262998228	0.0446839009232956	-739.66586844432
62	99	0.000418222846947526	0.0653261680860489	-617.275214523888	0.000418222835746151	0.0653261644996082	-619.275214560527
82	111	0.00420466265509744	0.0495906112158703	-674.139238858539	0.00484556724261725	0.046197529389513	-670.894628453677
42	137	4.77293500160196e-05	0.0544892486854835	-895.159285217265	4.22194588692361e-05	0.0544863167953057	-897.15771134069
22	128	0.000706344762109445	0.0556207172791149	-789.637893341508	0.000706344739275509	0.0556207162650109	-791.637893401897
78	98	0.11449564904028	0.025709657053421	-619.801660205224	0.096169610001042	0.025433054307331	-620.526473103337
18	103	0.0422842779957672	0.0340345689115706	-650.66821172127	0.0422842779957672	0.0340345689115706	-652.66821172127
56	122	5.10455160926861e-05	0.0652427281441586	-756.411870422826	2.6835257720105e-05	0.0648966037872739	-757.570164448012
3	111	0.0143217913865652	0.0368699695944549	-714.439244959017	0.00777351823669549	0.0380531486662447	-715.671664829424
72	114	5.59984740536537e-06	0.0748819365623891	-708.507771734316	5.05842329676926e-06	0.0748819344466938	-710.507771734109
98	104	0.0237746636928212	0.0325124707187577	-686.266035872468	0.020932668437275	0.0325591823110129	-688.258011215149
43	116	0.00362231189515314	0.0451565840305061	-734.24947263771	0.00362324981481049	0.0450668373971848	-736.249001728942
53	126	0.00616806349461827	0.0399938479214039	-795.293351265839	0.00452716456272416	0.0386142391430547	-792.788762700885
33	96	0.000961433025974624	0.0596561775558942	-596.552305379419	0.000439562268024779	0.0608229422415625	-596.792306613486
37	115	0.00473147861018573	0.0531031664788961	-688.46223968284	0.00270236745853213	0.0531031706862738	-690.462239691867
63	95	0.00798888298710082	0.0447028976226114	-603.388262904582	0.00473828633763457	0.0462796401353882	-604.813013373024
87	116	0.000482336509626322	0.062459425541292	-704.864557221509	0.000472739360775954	0.0624594341887288	-706.864557236154
79	101	0.00019084745476585	0.0673410374790337	-620.535969109894	0.000190847454376228	0.0673410432770677	-622.535969110697
23	97	7.47285187486293e-05	0.0721023753336393	-594.104249320932	0.000134107949548935	0.0698380552270021	-593.805626675267
28	112	0.0348166546284612	0.0369352104061381	-686.40431935913	0.0406455433800857	0.0351600897568015	-687.860755506815
7	99	0.019934936474496	0.0396874846025388	-615.587209691745	0.0208541418661481	0.0377820319858503	-615.720122914829
14	117	0.0023664255784375	0.0511384535076646	-724.058407533949	0.00179031543780357	0.0499260797909885	-722.868210044177
4	103	0.00313540445508359	0.0525118223606742	-599.889284011888	0.0031354055950249	0.0525118149208849	-601.889283345923
93	94	0.0266106804487319	0.0415371390095991	-601.085550655728	0.0181092134631344	0.0418327370870077	-603.079889623175
19	121	0.00907318898757087	0.0407562111451905	-765.020572155674	0.0092652896762293	0.0401750711135445	-766.983170500772
64	99	0.000661544010532089	0.0550929670568459	-639.75458946943	0.000276868387851842	0.0556700372124173	-641.565567740068
38	116	0.000270568452912102	0.0570743799254926	-735.280698373707	0.000254808944977683	0.0554009368915186	-735.15561961574
73	103	2.30185057260735e-05	0.0749903764960471	-638.250160926797	8.4562942271232e-06	0.0749903764960471	-640.250160926797
57	91	0.00122626925410305	0.0603212549996625	-576.769438063913	0.00203807189656873	0.0566020224245523	-577.293337156922
29	98	0.00311912575497426	0.04815639774346	-627.326125461374	0.00213589964758722	0.0487514787799305	-628.384353210953
67	108	1.32764721812937e-06	0.0820231249127258	-687.783639780722	1.1326858556047e-07	0.083643060250664	-689.560653113119
94	111	0.480924156778569	0.0106050279658998	-727.32392118495	0.510481572956547	0.00972137238934699	-729.016172594133
34	116	3.43157347981829e-05	0.0623132997523781	-746.201774342923	3.03774497287624e-05	0.0623132997523781	-748.201774342923
8	102	0.0963431487738075	0.0264300067678643	-657.072531340569	0.0989719716101882	0.0256931707006842	-657.72212767133
5	112	0.0751051964414672	0.0267433599708919	-698.358464518695	0.0581862608330297	0.0275104870742872	-699.579691906938
65	93	0.0400126912828317	0.041900003938652	-535.086278224125	0.0400126915986915	0.0419000027021694	-537.086278216039
48	118	0.0143724305708813	0.0391025454167904	-725.725848824961	0.0136672165097196	0.0389340951209791	-727.64779146882
88	109	0.0044332736715612	0.0463510083971722	-687.20521359209	0.00300068318706048	0.0465409355340072	-688.5023126449
20	113	0.000307006339351428	0.0624621119398913	-697.832671266112	0.00014547503283031	0.0630729067121452	-696.53537936571
44	103	0.00881257723276634	0.0422147809075423	-645.876421700024	0.00786188489087528	0.042093519292614	-647.795431200106
54	106	0.00294892428537388	0.0482637040589386	-657.814142003559	0.00267995612744833	0.0482637038276072	-659.814142004446
15	109	2.84875905642421e-07	0.0965333580800985	-669.754589925291	1.00032098254934e-08	0.0987231401219587	-671.5514568689
49	106	6.73795129129956e-05	0.064687468476722	-664.205838100312	2.19332150367122e-05	0.0657989340756638	-665.677865871322
83	109	0.00206951501526875	0.0545488324386541	-649.570383527287	0.00171529324043156	0.05456117465458	-651.569335839546
99	121	0.0142764288894156	0.0421853706682855	-736.599751560493	0.0134025723143745	0.04053304168757	-736.374211942361
45	98	0.000578386246609094	0.0606455730818099	-618.616311018489	0.00036292792227269	0.0603426386875361	-617.703818983217
24	84	6.35420787278855e-05	0.082909783521983	-513.540706336586	2.68003945284476e-05	0.083763718480812	-514.433469769328
55	123	0.00259123176490996	0.0407197152772167	-802.881794787714	0.00264299347185605	0.0404879519648585	-804.845631028159
9	118	0.0169881594042977	0.0383966645841834	-725.036962138814	0.0169881593563185	0.0383966672363178	-727.036962146325
35	100	0.000382461557801979	0.0617186637773103	-631.652524252386	0.000326925860927582	0.0606349515071114	-632.640020760747
95	125	0.0260014567403129	0.0378960725301863	-728.147616422236	0.0226802232594338	0.0378960740462451	-730.147616473587
80	108	0.00110730900251383	0.0651332458254049	-639.874794418114	0.000918204431648706	0.0630965023910277	-637.297798930945
30	90	0.000131033927413363	0.0673045591393385	-570.910374644847	0.000265325728390881	0.0627638237747948	-571.23851068933
50	108	0.00154977822774184	0.0486287602040163	-701.137542861305	0.000956472807872143	0.0486545913009254	-702.345268252746
89	115	0.0197720888281701	0.0374189126748679	-700.125879316466	0.0195847794095525	0.0374189123695401	-702.125879315613
68	121	0.000605425179448352	0.0558628609876394	-755.206446199093	0.000465612436598133	0.0557791478885172	-756.942958617979
58	116	0.102798282678602	0.0244120200114258	-734.147009848009	0.118217191386862	0.022886616806369	-735.874864139312
39	124	0.0741124717312581	0.0308742753252067	-746.800051614108	0.0338121232894034	0.0346844165237427	-748.164196204227
74	120	0.0787911741091241	0.0327925486152604	-723.219647883531	0.0344422258104168	0.0365351962164592	-724.08495860394
10	90	0.0303342852874834	0.039695208002152	-559.128767134321	0.0103313895970768	0.0450505902143679	-559.696060891048
25	114	0.0032775126464588	0.0508488670502247	-699.551025367131	0.00325945835600766	0.0508488674753349	-701.551025384739
84	95	0.107204979278563	0.0290959470403118	-574.172493685522	0.111974996845413	0.0277102281303264	-575.269873012547
59	109	2.33797118906265e-05	0.0628602371695797	-697.365334970484	1.83558581806497e-05	0.0628602371695797	-699.365334970484
100	106	0.250544485965602	0.0198619561489565	-657.775173947654	0.250271822299734	0.0196924739697983	-659.721781092054
90	119	0.00104759137240637	0.0555054822365821	-730.371539466961	0.00110158170626525	0.0544056027107322	-732.233227653544
85	114	0.0213695139466382	0.0371489053321885	-718.275750622995	0.0173823605205752	0.0367088384031152	-717.306812166367
40	100	0.042269250463764	0.0382669257096945	-612.6844149954	0.0422692476150664	0.0382669303451251	-614.684415108406
69	130	5.62113782862515e-06	0.0727401234907427	-815.113259097376	1.02865174441007e-06	0.0727401265010141	-817.113259095861
60	110	4.65895547163565e-05	0.0607221037273485	-715.409842153384	2.23434417811832e-05	0.0608154673419815	-717.406796369704
75	115	0.275381258736863	0.019037180609991	-696.759514970207	0.275381250592388	0.0190371783476288	-698.759514972654
70	110	2.01517618698604e-07	0.0872481481924122	-687.155464243051	1.90881664846887e-07	0.0866273031493011	-689.137459950237
