simNum	IVsNum	P_random	eff_random	AIC_random	gamma_random	prop_random	eff_mean_minClass	sd_minClass	P_minClass_mean	eff_mean_maxClass	sd_maxClass	P_maxClass_mean	correct_factor	CHVP_test_correct
2	96	4.49115279025238e-05	0.115416983061849	-596.241828624097	-0.000495702652463028_0.115416983061849	0.497797865134941_0.502202134865059	0.00240492819708682	0.033573896777896	0.943046240214453	0.113693891396792	0.0269776851384553	5.70524154966849e-05	1.11232487501551	0.0117313929052855
3	111	0.518940163532741	-0.0191572609062722	-708.758019261341	-0.0191572609062722_0.0927301212377219	0.501070659287288_0.498929340712712	-0.00661836268866959	0.0296065547756129	0.823526901866653	0.0809744396909751	0.0316985231363964	0.0120010032667828	1.32943782435797	0.06728575515157
5	112	0.192416178977407	-0.0418293869622959	-692.67859536534	-0.0418293869622959_0.09601140970175	0.500476910231418_0.499523089768582	-0.0224964940501738	0.0318958266564445	0.482093871971531	0.0751963264950988	0.0334780547565351	0.0266746273820891	1.35466008443905	0.055926268577339
4	103	9.2084895418439e-06	0.0740057813245171	-609.450649873453	-0.00268179834438442_0.0740057813245171	0.428641114077328_0.571358885922672	-0.00383019503486899	0.0520269953887491	0.94145743050263	0.073641268265727	0.0158471208716802	1.00964299221963e-05	1.31672579325445	0.217485961545733
1	114	0.125701913224041	0.0522211063248867	-695.645567261983	0.0522211063248867_0.0522842289309223	0.500000000000036_0.499999999999964	0.0244447678394495	0.0338506822458086	0.471703142499713	0.0846851479203425	0.0368427499667261	0.0233690737224655	1.13646750255998	0.264107126131304
6	108	0.296376600214043	0.0361885735966396	-649.023109594229	0.0361867912052445_0.0361885735966396	0.5_0.5	0.0330985778517052	0.0159829685232606	0.0407775460906947	0.0470823522304551	0.034486310813594	0.175038798166673	1.24872852043197	0.797695948477317
7	99	0.000183535054068137	0.124077766607984	-610.379806971683	-0.0449746376282993_0.124077766607984	0.497804490336103_0.502195509663897	-0.0264268568391721	0.0367870181525964	0.474235610977679	0.10398516683262	0.0319068438397236	0.00153737834775217	1.3115628935231	0.0120457355887541
8	102	0.289687240216383	0.0311557527190491	-652.030700444652	0.0214888939853571_0.0311557527190491	0.495716887870011_0.504283112129989	-0.00041639748087696	0.0247651734475552	0.98661830438284	0.0540457083130763	0.0292708166049483	0.0677620732128096	1.31162829222907	0.217942119135905
10	90	0.228799454077173	0.0349084946422933	-554.813640809695	0.0349084946422933_0.0443262230441776	0.507372486992806_0.492627513007194	0.0196242487113875	0.0288073331032848	0.497498431224683	0.061883771450947	0.0249392088390693	0.0149660894487555	1.15772850910659	0.312938490314525
9	118	0.303659661360247	0.0382912891862181	-719.027605855638	0.0382912891862181_0.0383887755720707	0.500000000000485_0.499999999999515	0.00576297263912676	0.0370622862190324	0.876699633470719	0.0727286665481623	0.0423442407169143	0.0885230305895519	1.36639676783248	0.331122670925053
11	109	0.335889185537914	0.0445384320119162	-653.935726973284	0.04452339148814_0.0445384320119162	0.499999999999999_0.500000000000001	0.0147294795432101	0.0323301493789036	0.649595363967696	0.0848968571490217	0.0460760396978783	0.0681394740141641	1.72560151763392	0.393470978762346
13	116	0.0830193526947954	0.0447805056664676	-731.68174643714	0.0447706670550301_0.0447805056664676	0.499999999999996_0.500000000000004	0.0275673149958334	0.0283573047221712	0.333020443538429	0.0619205482096371	0.0256085706514369	0.0171776009659392	1.01227279254519	0.372938884316401
12	102	0.0402632758631602	0.0679673164009435	-607.264948331164	0.0679673164009435_0.0269126942192248	0.502676634126111_0.497323365873889	0.000211547991530788	0.0394321133081839	0.995730059315322	0.0933200465534867	0.0327110782212611	0.00525627191237718	1.72576972536479	0.153788864063771
14	117	0.0509989791377451	-0.0397107398163301	-721.123079200231	-0.0397107398163301_0.146511390060546	0.506635714846022_0.493364285153978	-0.0363048393952991	0.0201381206859112	0.0740172089574331	0.143619782743196	0.0369071096829596	0.000166809200245954	1.75228639768025	7.27600719650563e-05
15	109	0.0282236502575017	0.0784367058941617	-664.083967599897	0.0784367058941617_0.112229164105034	0.501656379283008_0.498343620716993	0.0641525850650453	0.0352669878048612	0.0716738030568388	0.125845182508429	0.0325342559409307	0.000187897457883134	1.25844164404526	0.259881264324942
18	103	0.0539502662376008	0.0341626361532473	-644.688034751828	0.0341624676035036_0.0341626361532473	0.5_0.5	0.031802235772277	0.017435788333241	0.0710855785257346	0.0361161899698444	0.0175214598789469	0.0418223877243431	1.33596089454288	0.932741319719046
17	101	0.000388611786919465	0.0500318171250198	-662.718377143964	0.0500318171250198_0.0500395740931957	0.5_0.5	0.0496955969889327	0.0136253449546722	0.00042301960552782	0.0508674309578399	0.0143543056326181	0.000601511482303741	1.7032891044901	0.995253596264054
16	107	0.127217682287891	0.0373195596482956	-662.00247654618	0.00394978170160714_0.0373195596482956	0.495435768898179_0.504564231101821	-0.00388466128751334	0.0257829373974607	0.880524032112395	0.0455698673503184	0.0242772087172344	0.0632590057989538	1.37731039443581	0.24111783393399
19	121	0.821548557547481	0.00862129282754947	-759.040316338852	0.00862129282754947_0.0735995264870244	0.500037332014039_0.499962667985961	0.00375624169697088	0.0381391918098077	0.921709355903457	0.0806779680088781	0.040308446033074	0.0475928280200661	1.32956043522695	0.234953301937865
20	113	0.163912059968589	-0.0387966211637096	-693.519808093372	-0.0387966211637096_0.16715948196106	0.50600594949175_0.493994050508249	-0.0284348590735011	0.0276876712875635	0.306639813477077	0.153917260394066	0.031418680008846	3.27275090735973e-06	1.0935812439229	1.62375857835405e-05
21	97	0.00246566379071122	0.0707248000433146	-577.838852428814	0.0707248000433146_0.0707319895886201	0.500000000000002_0.499999999999998	0.0565598294882086	0.0227435828507719	0.0146141352128539	0.0886684820778039	0.0347077734170116	0.0121993490971681	1.37977105898907	0.573615805090269
22	128	0.140128561757842	0.0558506300321975	-783.693614418495	0.0558472636791253_0.0558506300321975	0.499999999999996_0.500000000000005	0.0494482797215404	0.0200633787764658	0.0150529690547308	0.0696308139393202	0.0376200734163469	0.0665079442714075	1.14130450072578	0.69066395559189
23	97	0.129266380794342	0.0334906405324119	-593.376903171576	0.0334906405324119_0.11632600115325	0.51975612736237_0.48024387263763	0.0344874862750091	0.0218870553031771	0.118384250307529	0.117761211210845	0.0336417155642366	0.000706283101774844	1.35452981345881	0.0610690931783903
24	84	0.677375480040993	-0.0167927847484745	-508.300053233057	-0.0167927847484745_0.182878167543292	0.502022139779365_0.497977860220635	0.0026047718497032	0.0402202206165765	0.948518633617509	0.16193164919349	0.0402837093644385	0.000127613303658487	1.0995454225832	0.00607570797492876
25	114	0.0744005553426331	0.0509387022072359	-693.562359770352	0.0509244451512207_0.0509387022072359	0.499999999999989_0.500000000000011	0.0283995182709932	0.0350923489343717	0.420055164838703	0.0715819633994802	0.0282865910860614	0.0127630339063188	1.18842233574951	0.400276453466851
26	106	0.0040226677640658	0.0604209854217176	-673.669682296719	0.0604209854217176_0.0859303861972045	0.501382613713249_0.498617386286751	0.0603102150822901	0.0205429194733263	0.00408776945795498	0.0875586982399937	0.0227026825111762	0.000198457820207515	1.28944876209084	0.47238300046796
27	98	0.195072973070974	-0.0363809006671989	-602.363145903407	-0.0363809006671989_0.0980048619071654	0.500709681715136_0.499290318284864	-0.02844612032026	0.0278839285321676	0.310189368329673	0.0897840402912777	0.0353091457521687	0.0125785577926769	1.31889990340058	0.0140547142626594
28	112	0.38800477496616	-0.0303921846395721	-680.472334711426	-0.0303921846395721_0.105324854884685	0.500099881884909_0.499900118115091	-0.0117361254026865	0.0350686868589266	0.738512295460517	0.0860113342526558	0.0440553324976724	0.0534151748922564	1.25375001006772	0.113391582025457
29	98	0.297541515200694	0.0246848190934419	-622.033525447017	0.0246848190934419_0.0713104982538152	0.502749772989138_0.497250227010862	0.0249635631301774	0.023568862965462	0.292150245100292	0.0711095846410766	0.0253166208379921	0.00601356224899431	1.16083580867658	0.217855376401912
30	90	0.00290861908403289	0.0921245421488698	-565.419962092218	0.0432264345312285_0.0921245421488698	0.498192681430153_0.501807318569847	0.0344899212821257	0.0303748269681417	0.259224044293888	0.0990031106927019	0.030087645577233	0.00143442277759406	9.99995563835095	0.993743340078017
31	107	0.914289182488448	0.00252944438262424	-685.050073655366	0.00252944438262424_0.0834366704246882	0.502245619914872_0.497754380085128	0.00675044141480363	0.023445286034778	0.773967733270929	0.0799638120859688	0.0306483368607406	0.0103902310969018	1.75917304227875	0.135418981882827
32	103	0.0230682792934312	0.0679662862249442	-639.499818042545	0.0310956594413278_0.0679662862249442	0.498037434610952_0.501962565389048	0.0256633236460557	0.0284301987591533	0.368823420611723	0.073167333345067	0.0294592156009219	0.014632403464438	1.19825166204176	0.300154088981506
33	96	7.55969327392092e-07	0.149575131323476	-591.981179003354	-0.0313655992178618_0.149575131323476	0.496477563476826_0.503522436523174	-0.0201271942845182	0.0339176151428105	0.554314218950563	0.140863244982284	0.0282318009195399	2.7311710387138e-06	1.87065269408607	0.00108480145658391
34	116	0.0313107407176395	0.0622808460297044	-740.193951985768	0.0622808460297044_0.0623133352833581	0.500000000000014_0.499999999999986	0.0466225616734052	0.0285718636083393	0.105464529194488	0.0789626642359567	0.0283470093946763	0.00625111244283667	1.16360793688267	0.481698799645206
35	100	0.01573157119137	0.0850756883703968	-625.803818166007	0.0377308915494185_0.0850756883703968	0.499298998022403_0.500701001977597	0.0209620260960969	0.0311288001266426	0.502264107696817	0.101347456073194	0.0346195428452818	0.00423992729574924	1.94575392648321	0.216563131349446
36	96	0.469834555396859	-0.019474922963797	-597.338498475226	-0.019474922963797_0.0838719616305085	0.500987739059897_0.499012260940103	-0.00938301074624493	0.0268377395002809	0.727397741253766	0.0745006339357768	0.0362958630267457	0.0428622526557188	1.46354843632753	0.1106281871023
37	115	0.000327663082909509	0.0919780757030254	-685.901135745381	-0.00448564019646565_0.0919780757030254	0.49010257950452_0.50989742049548	-0.00519981387805642	0.0411601241655222	0.899692185830163	0.0926809443731061	0.0248254137267057	0.000296520749197878	1.41191817069096	0.0712552859806746
38	116	1.41215203254038e-05	0.108481035420184	-730.802419742888	0.00599041234081213_0.108481035420184	0.497465549111475_0.502534450888525	0.00627584409608862	0.0335996820041524	0.852160015097929	0.107455801372693	0.023911992823247	1.67676831562716e-05	1.81204106790097	0.0407828138958368
40	100	0.193456337608398	0.0384122370129231	-606.694502146491	0.0384122370129231_0.0384122782957882	0.5_0.5	0.0239000101962367	0.0293375250185591	0.417224247966644	0.053694241286654	0.0253354035771903	0.0365634810044465	1.11688348403337	0.486191364145018
39	124	0.0751080087700778	0.0656686892532025	-741.595617846914	-0.0052032529152388_0.0656686892532025	0.499042604045606_0.500957395954394	-0.0177019858286321	0.0353372119472923	0.617305389261358	0.0799251037216952	0.0365840465115677	0.0308068351026288	1.33701910184314	0.0847498744441655
41	98	0.405264038128312	-0.0282862031397884	-613.088215677035	-0.0282862031397884_0.0789784588201496	0.500516995022589_0.499483004977411	-0.0168628447909725	0.0338391107452623	0.619383662896195	0.0647477865095779	0.0404020739883248	0.112277719663471	1.10063002296661	0.137699983633493
42	137	0.134462506889345	0.0303088869916908	-889.461356880772	0.0303088869916908_0.0790623414501665	0.501221722945976_0.498778277054024	0.0361199658675327	0.0201293926486911	0.0749724435642187	0.073148533015079	0.0254071527387431	0.00463458465310531	1.70356930468216	0.445769491818952
43	116	0.891939182323643	0.0031122690842383	-729.809897445022	0.0031122690842383_0.0963399730847532	0.506151692116552_0.493848307883448	0.00776086323214213	0.0228587853105079	0.734842277450084	0.0917196536919791	0.0326917851838711	0.00589937698171948	1.53045770070491	0.0695904175861655
44	103	0.0269293778865178	0.0856414728086977	-639.961297296164	-0.00132208914564978_0.0856414728086977	0.499767117199156_0.500232882800844	0.0021967198214521	0.0388899855531388	0.95506555703593	0.0831433757930654	0.038148327397478	0.0315973189821071	0.964214594765801	0.131089952158991
45	98	6.76450105671029e-05	0.104770983044469	-614.73258341017	0.0157825904965932_0.104770983044469	0.49324589930447_0.50675410069553	0.0142473707086082	0.0290080360062049	0.624427993218135	0.105944181072153	0.0251574616284409	5.68516261274851e-05	1.45713703540415	0.0322129227598448
46	100	0.0273018624842991	0.0593212308944475	-618.540019027593	0.0593212308944475_0.0538021683045186	0.504660588167992_0.495339411832008	0.0254508128004791	0.0307409818182024	0.409711962608299	0.0880336927045215	0.0264782652777889	0.00124190397781338	1.59347705133253	0.226557111625037
48	118	0.0510891305660608	0.0710600401108954	-719.840982140316	0.00712568058008233_0.0710600401108954	0.499618813446508_0.500381186553492	0.00507235033836384	0.0374620476378262	0.892528527297198	0.0734551684813293	0.0360534437371415	0.0438662425944242	1.90122960362332	0.398314238932602
47	118	0.787790582609875	0.00868987128612398	-731.811673506678	0.00868987128612398_0.135847988907174	0.500078381551554_0.499921618448446	0.0164569461214356	0.0322087500966908	0.610351356962923	0.129633775537653	0.0331935101978906	0.000157847055888651	1.15217804919216	0.0182783178258815
49	106	0.987760764909253	-0.000508013008970211	-658.281665729908	-0.000508013008970211_0.130142189935926	0.500045510975299_0.499954489024701	0.0219462146980077	0.0330376632623647	0.507968126267613	0.108033709758897	0.0338872799275168	0.00188783155492146	1.25868841652593	0.0960010857592345
50	108	0.000617964043130494	0.0942609149114649	-695.586579105861	0.00379806615587416_0.0942609149114649	0.499321640883674_0.500678359116326	0.0049747944424592	0.0333877154207769	0.881833510876451	0.0910296512743641	0.0267168013843154	0.000925743850528384	1.02310502177996	0.0457106342949259
51	110	0.142036171438691	0.0522300410776321	-666.090761867188	0.0522300410776321_0.0522301506033569	0.5_0.5	0.037434721825449	0.0353154720716436	0.291483687254827	0.0582561807615392	0.0177561255026113	0.00139015823735745	1.3328799906478	0.718779189597782
53	126	1.43576194902021e-06	0.0969348826456208	-791.465231512632	-0.0146808257246482_0.0969348826456208	0.497019577659435_0.502980422340565	-0.012868995118786	0.027458959866156	0.640126911668693	0.0959457720959116	0.0191428478751801	1.79664356175e-06	1.26834377766875	0.00183881569837612
52	125	0.351685278750534	0.0335329578840293	-748.715664195913	0.0335255832381_0.0335329578840293	0.5_0.5	0.0199307352509087	0.0251656815588872	0.429884374163851	0.0527276128661934	0.0358700831009227	0.14410517187362	1.15253347013653	0.511743513375588
54	106	0.130360565604799	0.0482732142884872	-651.813643299666	0.0482610798218526_0.0482732142884872	0.499999999999995_0.500000000000005	0.0317509757089486	0.0324742696760085	0.330456592025133	0.0645630162075993	0.0316624769773758	0.0439517885417433	1.35682807841584	0.598314612330735
55	123	0.329216044138605	0.02309296725443	-796.91964339011	0.02309296725443_0.0586143687658729	0.50011171623781_0.49988828376219	0.0252269677005734	0.0235735741124785	0.286670007117988	0.0576608486482103	0.0274745188018258	0.0379053644419973	1.32958273941314	0.481802491533723
56	122	1.15231130084963e-06	0.163489566537502	-751.699679398075	-0.0360913663474109_0.163489566537502	0.489537846372106_0.510462153627894	-0.0119392811663573	0.0400477099305422	0.76611797973505	0.141099459887359	0.0319141173063062	2.15594551369762e-05	1.20105132342995	0.0039506826898616
57	91	0.677671752479331	-0.0110619991828443	-572.112801515836	-0.0110619991828443_0.133009181281707	0.502579851942328_0.497420148057672	-0.00785200748049352	0.0265276085148937	0.767916713894491	0.128614632150895	0.0406909157763034	0.00214415893202245	1.28134392422296	0.00781861637341145
59	109	0.010170234871533	0.0628116941619042	-691.346405370415	0.0627885827859062_0.0628116941619042	0.49999999999999_0.50000000000001	0.0507061428332695	0.0282906242319261	0.0758798880500979	0.075069819096207	0.0240106959119359	0.00227307557643207	1.24235639191519	0.603073924232569
58	116	0.331052204398802	-0.02426756911245	-729.624949998191	-0.02426756911245_0.0757501146146869	0.50345948246495_0.49654051753505	-0.0188831853012971	0.0248611698717598	0.449080597371897	0.0707728993033366	0.0334229069764704	0.036372206419989	1.33082088950174	0.0494708637182319
61	98	0.206979015405528	-0.0506390503713504	-600.459542284769	-0.0506390503713504_0.137648357154084	0.500920393319978_0.499079606680022	-0.0244421300363672	0.0398605477281868	0.541185183956765	0.112835633838432	0.0344379659786539	0.00145881817787863	1.33779606931158	0.0153446666613284
60	110	0.000347893175961672	0.0775285015988509	-709.440438801544	0.043006051456071_0.0775285015988509	0.499738354972924_0.500261645027076	0.045840882750064	0.0257075900412408	0.0773427648552813	0.0741574745289144	0.0209922867970027	0.000604657691707495	1.81583176679726	0.649730141125977
62	99	0.0333302349953228	0.0396837253776899	-616.170224291588	0.0396837253776899_0.106832721279664	0.526481504844168_0.473518495155832	0.0456007793631386	0.0183847592065587	0.0148298078601599	0.0978768664634388	0.0381836431612604	0.0118878267821974	1.0262532039725	0.223942480670764
64	99	0.00525613575131127	0.0782640672163242	-633.803574345565	0.0317314226605526_0.0782640672163242	0.499806458005327_0.500193541994673	0.0332666282722478	0.0288290043345971	0.251335595230796	0.0763650924665925	0.0274148719403257	0.00641601112273636	1.53819517410739	0.434765645062196
63	95	0.74332532233419	0.00972832211108879	-597.867980795609	0.00972832211108879_0.0802037484710442	0.501411125194159_0.498588874805841	0.0129889340089487	0.0296216744720721	0.662034169664544	0.0768566780734691	0.031618059738113	0.0169630488879188	1.38435851574657	0.21254897834899
65	93	0.23177063579645	0.0419003173263012	-529.087172290307	0.0419003173263012_0.0419104914433073	0.5_0.5	0.024679983887639	0.0348078756799817	0.480096019185	0.0609311139874761	0.0372483829310408	0.105297114909969	1.40857515811583	0.622880195147321
66	109	0.188001071478499	0.0417083278073713	-664.878700733229	0.0416219071670625_0.0417083278073713	0.499999999999329_0.500000000000671	0.013021709860223	0.0380978435036306	0.733168214965347	0.0701065130973073	0.0314803830840592	0.02802268411526	1.2659540673237	0.321190245242291
67	108	4.01073612251722e-05	0.136934961536626	-682.264403096721	0.0243958021774596_0.136934961536626	0.499264672087696_0.500735327912304	0.0328290561237238	0.0392305723986124	0.404556990161058	0.129351471502695	0.0319582418815	9.80988318265119e-05	1.33510728763783	0.0867601489777479
70	110	0.0806948851457731	0.0432578037744839	-683.856159062003	0.0432578037744839_0.133350781530515	0.50693885699116_0.49306114300884	0.0486439258427598	0.0245358032157154	0.0499317112602225	0.12712484397053	0.0296628462310458	3.945928501879e-05	1.07573109206753	0.0463312541983197
71	110	0.208169463188714	0.0285926159874967	-685.22432950255	0.0285926159874967_0.0450139085344121	0.505237397381359_0.494762602618641	0.0210533212955686	0.0225828670239709	0.353257611448062	0.0543706873416024	0.0257780048869451	0.0372180950659512	1.92835840282773	0.605679999028084
68	121	0.672458154550857	0.0130464379833474	-750.275044630897	0.0130464379833474_0.104855640826111	0.505106806160264_0.494893193839736	0.0132674006578402	0.0307832017632953	0.667245343559976	0.100116696907725	0.0345151390163493	0.00443057664801775	1.15835174628921	0.0748403555894829
69	130	9.18122328459402e-06	0.110944124986923	-810.745854412194	0.0185084572413436_0.110944124986923	0.490000022402061_0.509999977597939	0.0220973972181843	0.0325817807410395	0.498851224674154	0.106828934516043	0.0240151532308239	1.84841193785702e-05	1.21177014756971	0.0489550200345657
72	114	0.00676224023471802	0.0751244774501042	-702.561741654794	0.0751244774501042_0.0751269467960036	0.5_0.5	0.0677132618223845	0.0272274370922255	0.014345484165766	0.0816658049075865	0.0200895763650924	8.9059896006809e-05	1.46311337277992	0.826223969592712
73	103	3.84460997852586e-05	0.119322374032655	-633.157933060235	0.0188703019971297_0.119322374032655	0.491983765865591_0.508016234134409	0.0329740570488941	0.0409114091057553	0.422125534859282	0.108570312166171	0.0277174167750297	0.000162268149707002	1.11034193574904	0.144414396743138
75	115	0.611831227246108	0.0190910697841009	-690.763579713873	0.019085076177034_0.0190910697841009	0.499999999999993_0.500000000000007	0.0052628835743913	0.0235549412772023	0.823600641354399	0.0405374032932852	0.03751706017128	0.282197551013397	1.0453710985249	0.442969006124608
76	108	2.71616624413364e-06	0.110966829926336	-679.614449080186	0.000864707906464643_0.110966829926336	0.495792171541233_0.504207828458767	0.00201102010121861	0.0342937622339222	0.953347440348383	0.110541772705317	0.0223919990497179	2.94027472929633e-06	1.38752435751957	0.0145110405565014
74	120	0.0325590375342999	0.076739133988261	-720.773038303209	-0.0224711418906999_0.076739133988261	0.49258505923676_0.50741494076324	-0.0260993424208518	0.0349413961945268	0.456569334510845	0.0820740020432643	0.0354818385559415	0.022432884574066	1.16163261013002	0.0378059091292718
77	92	3.16339102360519e-05	0.107015119712842	-574.622004444853	-0.00899165960449332_0.107015119712842	0.496224225403889_0.503775774596111	-0.00520523168893303	0.0360144732466307	0.885400273435242	0.102951025762574	0.0244303736983944	5.89882492307347e-05	2.04681535052754	0.0476993868484617
78	98	0.515674109248632	-0.0188644217721205	-614.20168358322	-0.0188644217721205_0.0711338708047518	0.500742862709156_0.499257137290844	-0.0162046391844442	0.0289145842952609	0.57647740661568	0.0693506202522081	0.0323879676148487	0.0347598793587383	1.30289364727236	0.072780697818779
79	101	0.27294779534143	0.0319635385736798	-615.431066158593	0.0319635385736798_0.109810610722062	0.50948430911034_0.49051569088966	0.0395113911198289	0.0289953467710358	0.176044187246986	0.09971893293061	0.0359585280767178	0.00662345655787274	1.26962413954714	0.255115974588702
80	108	2.12443763256642e-08	0.184102704471582	-635.560947400449	-0.0609122158755976_0.184102704471582	0.49263759576402_0.50736240423598	-0.0463500214717859	0.039972641211813	0.248815659443125	0.171210941185236	0.0304083887558486	1.46189262263769e-07	1.69874407904819	5.32199574301582e-05
81	115	0.117599193225	0.0421328466683253	-721.710768325207	0.0421328466683253_0.0421504344210962	0.500000000000013_0.499999999999987	0.0241012165527228	0.0267194911519391	0.368954013347717	0.0612346259393201	0.0308199329871416	0.0493374926382747	1.2439324704754	0.44546427941647
82	111	0.00299619030267215	0.108831906195295	-668.742759515747	-0.0102236580820912_0.108831906195295	0.499455467927225_0.500544532072775	-0.0164532675345745	0.0365143202733428	0.65316645175852	0.114704815997731	0.035850870648299	0.00179905329682171	1.45446831758342	0.0201891514783266
83	109	0.0100604387803257	0.0786484124922147	-647.797570191385	0.0303049194592839_0.0786484124922147	0.480425472091513_0.519574527908487	0.0195281974408543	0.0321265464710061	0.544561485756136	0.0893395974365565	0.030019253804894	0.00360357125573608	1.28238673683122	0.156455984064183
84	95	0.184288430864584	-0.0487072607811039	-568.44316827516	-0.0487072607811039_0.108169019045876	0.500314581063799_0.499685418936201	-0.0330518210967408	0.0364167848932702	0.366411259172373	0.0926949391821778	0.0420208697732748	0.029826216665618	1.22925224889137	0.0331867462437515
85	114	0.00109355762598371	0.126309622775475	-712.662606700976	-0.0501215290532741_0.126309622775475	0.49975386512244_0.50024613487756	-0.0278939148121926	0.0313020392689325	0.37475757532172	0.103139740833524	0.0376870401881982	0.00720896160695612	1.41493963925206	0.0140337849738535
86	99	0.0345675293856704	0.0563395608538855	-629.316944237731	0.0563395608538855_0.0563600968300143	0.500000000000008_0.499999999999992	0.0405863601892611	0.0262868159450709	0.125815935117494	0.073272824199568	0.0302151236663813	0.0171379193079287	1.40676977455366	0.555520612153112
87	116	0.0297419734176611	0.0626918427123277	-698.906500806775	0.0626882178456081_0.0626918427123277	0.499999999999999_0.500000000000001	0.0459460386676797	0.0354667957957895	0.197753814750975	0.080314940715657	0.0284848330148568	0.00566448770762151	1.27043738852018	0.548896472507681
89	115	0.233259662023333	0.0374651583945349	-694.128755190921	0.0374201340904363_0.0374651583945349	0.499999999999998_0.500000000000002	0.00776459198753155	0.0329251403960624	0.813991128058162	0.0653095087364644	0.0312635187050753	0.0389330256689492	1.18325225576223	0.249325639782151
88	109	0.000897803822712695	0.104124627107628	-681.933579153888	-0.0124569233941158_0.104124627107628	0.498908562877804_0.501091437122196	-0.0051722165921859	0.0374892701116768	0.890524781167339	0.095989761717933	0.0304852937593649	0.00212077086802713	1.40432400915478	0.0619962730574127
91	102	0.0793857722225972	0.0501080781472737	-642.28459855909	0.0500851887517714_0.0501080781472737	0.499999999999994_0.500000000000006	0.0344704843374516	0.0327002375675754	0.294336070407898	0.0641602298669209	0.0282753660574029	0.0253873780233086	1.24891685579694	0.585637935495487
90	119	0.769631082081303	0.0102725043824451	-724.397719480209	0.0102725043824451_0.101125780481896	0.500046635120631_0.499953364879369	0.0134607295150433	0.034996184332036	0.701200785808648	0.0978274219740104	0.0419131937811507	0.0212846512770215	1.09896447469788	0.138347425344253
93	94	0.562867981279519	0.0212258749693441	-595.093194125022	0.0212258749693441_0.0614754649475	0.50001313981368_0.49998686018632	0.00973759940251539	0.0365541690900966	0.790529980448536	0.0696830405458123	0.0364581764729815	0.0590435624720673	1.47965172854023	0.376069681604308
92	105	0.296773667882792	0.0455100170718744	-618.086038428786	0.0453627079949446_0.0455100170718744	0.499999999999776_0.500000000000224	-0.000982030561178349	0.043873452548513	0.982185129065659	0.0888274390169782	0.0433989942928549	0.0432032804081251	1.80399086520388	0.305788738973321
94	111	0.270353039108101	-0.0257873089649301	-721.88697868523	-0.0257873089649301_0.0477745835896756	0.501458684456204_0.498541315543796	-0.0203038301528846	0.0232773789339749	0.38496876400373	0.0410777589865271	0.031749166386816	0.198437078415329	1.4527319381038	0.194763487613094
95	125	0.0351601910485728	0.0598980955330706	-724.618332905771	0.0116228528913804_0.0598980955330706	0.474558091776472_0.525441908223528	-0.000528764060265133	0.0351201119301788	0.988011800129264	0.0699510707257157	0.0281231614397642	0.0141997700356243	1.20681784760911	0.150220743080636
96	110	0.134365380973426	-0.0460100568821615	-668.891566475972	-0.0460100568821615_0.152641174225508	0.502329630961823_0.497670369038177	-0.0329010640772849	0.0305041456251545	0.28315748226506	0.141569390822808	0.0365570350722371	0.000184050518545218	1.03413506044464	0.000265206750677593
97	91	0.22371075208945	0.0445172847258937	-534.937334079135	0.0444788215437142_0.0445172847258937	0.499999999999977_0.500000000000023	-0.00914999117750725	0.0402145658427191	0.820528286912212	0.0803953145487897	0.036335822412061	0.0294580456508585	1.46304746437854	0.165870095424637
98	104	0.0745142837351383	0.0456097665840814	-680.279983111383	0.0194211599573405_0.0456097665840814	0.499964744901075_0.500035255098925	0.0155586426844118	0.026830355033821	0.563255445328117	0.0478546901964298	0.0253145137198921	0.0615145762823529	1.18204290423163	0.445112526776856
99	121	0.025335999043507	-0.0640625860501974	-732.226980099034	-0.0640625860501974_0.152698266845376	0.505858076191357_0.494141923808643	-0.0526393510937919	0.0282894835850191	0.0652287354918333	0.140814787940907	0.0366757732147925	0.000198355092029237	1.19354341605724	4.36330362021791e-05
100	106	0.596352661451988	-0.022180225494016	-651.870501080611	-0.022180225494016_0.0628266399538049	0.500269352867307_0.499730647132693	-0.0294416514132323	0.0417493144018706	0.482246728438691	0.0710560101920815	0.0435304854279176	0.105606033678481	1.3377439990305	0.142641373614869
