simNum	IVsNum	P_random	eff_random	AIC_random	P_fixed	eff_fixed	AIC_fixed
1	99	0.00438626335324266	0.0460061303014212	-634.973757487845	0.00183689778640607	0.0471000050003723	-634.956350386758
61	95	0.0831719802587679	0.0276980876072064	-609.019193189249	0.0660445935705495	0.0274993836873432	-609.563384469169
21	112	0.0146817623064861	0.0389650470998357	-691.670128895934	0.0146817623064861	0.0389650470998357	-693.670128895934
16	96	0.0101049962797958	0.0515390858002721	-579.99565524633	0.00460298027282192	0.0544975200796855	-577.103767484888
51	106	1.86253056729631e-05	0.0811859052911845	-633.25674212252	1.86253057049382e-05	0.0811859052732923	-635.256742119535
6	100	0.0612423931628218	0.0317628101647472	-623.926247615175	0.061242393163792	0.0317628095720173	-625.926247615248
76	109	2.38880412256231e-05	0.0682807254190736	-690.995193069615	2.24909862424901e-05	0.0682807254190736	-692.995193069615
26	113	2.25374131703206e-05	0.0719879077490711	-705.159132387234	2.25374133704815e-05	0.0719879104280799	-707.15913238051
36	103	0.00553057760732397	0.0473987690219428	-637.038128421975	0.00553057759425395	0.0473987655141761	-639.038128422749
81	102	1.40836673274274e-05	0.0721246966398149	-656.734766178939	1.28779009495445e-05	0.0721246966398149	-658.734766178939
66	105	0.000255145244779202	0.0668731193937746	-641.755230719438	0.000255078398050701	0.066873122010011	-643.755230686475
22	111	5.74752047058077e-05	0.0644293223122632	-697.971351175619	5.18978469039936e-05	0.0644293223122632	-699.971351175619
52	113	0.000421228332172059	0.0538677934426478	-720.970413734417	0.000314127605197278	0.0538677934426478	-722.970413734417
17	90	0.000260351056599724	0.0716234365705916	-552.442465848399	0.000260351047249856	0.0716234371992125	-554.442465892836
41	101	2.01572695121109e-08	0.108498316168603	-617.59549053397	4.46052942770622e-09	0.107215675192903	-618.115077909939
62	107	8.24497549536052e-07	0.0773981202953088	-683.877597690634	7.92520258408103e-07	0.0773981202953088	-685.877597690634
91	115	0.00331582786920842	0.0491334502884411	-716.678562948464	0.00273599116160432	0.0491334536752719	-718.678562949988
31	118	1.65203928721872e-05	0.0780701858424179	-715.52967976714	1.35287719687913e-05	0.0778233657472817	-717.486865737948
56	113	0.000196436329078549	0.0643072024591834	-708.021700851269	6.63518114475269e-05	0.0654921888132547	-709.841691736217
46	115	3.78681005984597e-05	0.0719061596583757	-699.905517252556	1.39348535288936e-05	0.0724268443090244	-701.067449756365
27	115	0.00301718726389055	0.0492736687923685	-720.096636414057	0.0019281812425443	0.050714980802042	-719.800572982941
67	91	0.0115498982385791	0.0398157684831187	-577.528297909301	0.0122242823535703	0.0387292516530049	-579.259050032617
23	89	0.0065795121139136	0.0485310288038096	-551.825297321017	0.0112608014371424	0.044796953270499	-552.256977221238
7	108	0.0317359139883805	0.0391102466874255	-649.03858826923	0.0416947261834812	0.0356904291082082	-649.139279195582
71	104	0.00284063250636401	0.0545363640240922	-622.066454239932	0.00260750860347363	0.0544885588941578	-624.062297850076
53	110	7.69678774280289e-05	0.0628602383577566	-701.88064818435	3.18445453598544e-05	0.0632015220161266	-703.386853156699
96	107	3.2036691129563e-05	0.0711174572145354	-678.26736484149	1.28467554510981e-05	0.0718828675344996	-680.169020278038
92	107	0.000110203741950574	0.0592465365006694	-678.951971983851	0.000110981074923455	0.0593229517123559	-680.907903121227
68	93	0.00354705977992742	0.0484083774110964	-603.419175206963	0.00223473072375542	0.0490345453467121	-605.197528119345
11	126	0.00179788726073419	0.0542438682134571	-737.945160179898	0.00177186807996752	0.0542372439422122	-739.944859130908
47	103	0.00210776144576889	0.0516282266175698	-656.361038940837	0.000981834065433992	0.0529316368911764	-656.576963256393
18	106	3.18469976628953e-06	0.068069554114964	-698.270261390564	2.72876617605508e-06	0.0680444180927127	-700.269044738394
86	105	0.00143313193355488	0.0602560026440003	-628.018635492049	0.0013511082734666	0.0597862123436607	-629.927654619707
42	110	0.044265278386388	0.0332841206335088	-679.333351180124	0.0440372494229814	0.0318546041594711	-678.421196519054
63	106	0.00084889118111008	0.0640231685039706	-628.412460499428	0.000848891186498898	0.0640231670779457	-630.412460502148
37	96	6.79597311120049e-06	0.0812812219850017	-603.401188668699	4.17096108386386e-07	0.0832730371894271	-605.096694599939
57	102	0.0296145038629089	0.0345273282886754	-658.76900659279	0.0291458884849773	0.0345206214418491	-660.768847657481
77	84	0.0405827614114852	0.03928182965802	-522.040077331838	0.0339693253763432	0.0394090101201727	-524.038292608771
93	127	3.05046032213298e-08	0.0890173430737923	-779.485483269343	3.05046023592226e-08	0.0890173467212538	-781.48548332229
32	95	0.00158270403217147	0.0629337059872497	-549.240022956104	0.0015801388591778	0.0629337031978219	-551.240022957702
28	118	7.44146013262417e-05	0.0698333013824497	-721.79649853762	7.44145983963958e-05	0.0698332967317405	-723.796498612478
69	99	0.00416885067115656	0.0515080928584725	-610.576964455242	0.00416885065535736	0.0515080935036386	-612.576964461528
24	119	0.00021247663594359	0.0631083504260145	-727.241486674697	0.000160306316171824	0.0631924931477324	-729.230073136148
82	103	0.000527841120473822	0.0637300839687932	-627.484975138962	0.000372931681436706	0.0635298613159617	-629.079787415074
48	95	1.82270044606851e-07	0.100298587154131	-585.254153298259	7.74550043266288e-09	0.103687177682393	-583.841612264782
2	115	4.58132937271565e-05	0.0734735757705106	-698.482500194769	3.08175873693264e-05	0.0720960556885816	-698.365573747162
19	114	0.000197483324771213	0.0652483548293019	-678.706741886009	0.000232540340809519	0.0627693713176182	-680.264979973454
72	85	2.49425551215744e-09	0.130294609765924	-513.766909119459	1.26205031308654e-09	0.130294609669429	-515.766909119597
78	108	0.002982301948624	0.0511474691478275	-671.916649683808	0.000993628789803775	0.0537623121693337	-671.898042130579
29	101	0.0149601178033644	0.0413761391526954	-637.019289599304	0.0210177886895223	0.0392009452104957	-637.315493212882
58	84	0.00168418009715212	0.0617914884756047	-516.998480273412	0.000701145294441098	0.0628148127457007	-516.477632849574
94	112	4.91405808525118e-07	0.085834735427312	-710.399773869373	1.89258051503667e-08	0.0896575306672122	-711.153844280391
43	112	0.000308134203131809	0.059418174730372	-703.179189549836	0.000226608473641384	0.059418174730372	-705.179189549836
3	112	4.85274234826727e-08	0.0843961206180328	-722.423091258289	2.14301528181946e-08	0.0825161188084847	-723.060932842677
38	110	1.75502922256597e-06	0.0913679145418075	-662.583030020859	1.75502919507562e-06	0.0913679137118239	-664.583030050694
12	117	0.00107104456539783	0.0537946543354587	-731.517532482884	0.000216830372002537	0.0568100175043777	-732.990434137709
25	105	0.00123630536356527	0.056156802075563	-657.418131892518	0.00125054710749018	0.0547324516929437	-656.996460017366
79	93	4.87031173932863e-07	0.105539353630931	-572.462603063117	3.38851369128272e-08	0.106732691985459	-574.401714466835
97	114	0.000145304028378873	0.0644643706647527	-707.427071800649	3.66227849260422e-05	0.0658672564455274	-708.862035127513
8	115	0.000845058008167895	0.0617474270303903	-685.638232474896	0.000365257701583625	0.0622997880859502	-686.719281793232
54	100	0.0566294312405525	0.0337597263566165	-615.414335322775	0.0462523768420023	0.0344534416489898	-617.200502324061
4	85	0.000613957205854752	0.074026089866359	-517.01062297047	0.000162659145678738	0.0772214587841544	-516.078068078068
83	96	0.000600903627415076	0.0662285918815024	-578.287290796438	0.00464594405668139	0.0536384076798906	-578.254079673545
95	109	0.000153338236985122	0.0663065367860622	-670.212925868947	2.35985715254859e-05	0.0695430919378461	-669.916448000381
49	114	0.0127026804273301	0.0452059376988699	-670.19338301338	0.0127026804259578	0.0452059376999317	-672.193383013358
39	119	1.2861935980803e-06	0.0845339735461333	-725.864056422312	4.38769197017564e-06	0.0791275416007065	-722.705519095764
13	107	0.000291600471841277	0.0601697910324234	-664.155312067955	0.000312052199727592	0.0578772293777507	-664.625014032238
64	102	4.07633006792813e-06	0.0683861770203385	-644.671317177417	3.87193623450533e-06	0.0679675244389736	-646.641113686164
98	104	8.61198985556162e-05	0.0690532334104951	-635.220659561982	8.61198943833049e-05	0.0690532338382661	-637.220659579542
73	105	0.00267609926521629	0.0457464445090821	-668.796138254177	0.00150405778603741	0.0453982480105964	-670.167433018324
33	88	0.00525552916041265	0.055888710778389	-536.977283016886	0.00720934688483115	0.0518295616758258	-538.407995355121
55	131	0.00221067793511375	0.0439886324893602	-837.877563389582	0.00254147756522948	0.0428345520797847	-838.711096407638
9	111	4.83365516219007e-06	0.0724339184772914	-712.24015160343	1.35848449130696e-06	0.0734735168929941	-712.547007813356
44	96	0.000200125650726348	0.0691316202145074	-590.747207779501	0.000127816265164067	0.0691456394679379	-592.747267216117
87	114	0.0111606511428795	0.0447995067280351	-692.475694201701	0.0115124696132586	0.044051625727666	-694.417772732206
14	83	0.0170220263498678	0.046417338744342	-506.611100400376	0.00829345045982093	0.0501571530382876	-507.836199078036
5	126	8.41140904356458e-10	0.0953133400266884	-787.986246048166	1.33426335933273e-10	0.0953133400266884	-789.986246048166
74	88	1.50062092212019e-05	0.0774463142436442	-559.428806120464	1.45904481769261e-05	0.0774463142436442	-561.428806120464
80	116	0.00850293844242743	0.042058040649675	-729.369561577141	0.00475591525435471	0.0431864475640655	-731.275359597158
30	117	0.0210543284318471	0.0437133960947074	-703.961337468361	0.0123418111259751	0.0448057483920053	-705.887547564374
34	104	0.0135327092404252	0.0400241194327448	-655.79858510786	0.0130082652267483	0.0400241194327448	-657.79858510786
20	94	0.0319772313777614	0.0403995826555251	-586.343550159891	0.0351103147677941	0.0387129433102345	-588.083924725569
70	112	1.63328423127251e-06	0.092307515450878	-679.302609933744	1.61043006903101e-07	0.0949969677449984	-678.321126221244
50	123	0.0661793263911565	0.0279102805063121	-763.055071839836	0.0661793266739707	0.0279102795886952	-765.055071840008
59	100	0.00110080000486973	0.0668645911548463	-590.478264695444	0.000544587106301454	0.0668573284514824	-588.866126244137
84	115	0.000849760839673578	0.0597030997461079	-709.395615307128	0.000375619837564347	0.0597030922182368	-711.395615310959
99	94	0.00277458583852869	0.0482097072118991	-610.704730827713	0.00272819591010493	0.0478410575385009	-612.651530228094
35	113	0.000339008413134018	0.0547680363222573	-725.910571125261	0.000339008413159469	0.0547680363222573	-727.910571125261
10	118	9.98000976360696e-05	0.0640475117430215	-730.892382312684	1.297176265194e-05	0.0673215872584915	-729.791466914257
15	98	1.08441213269837e-05	0.0845726971031962	-600.986532535787	1.72137869809982e-05	0.0802454762978387	-598.780044508468
45	112	0.000126303414756893	0.0646908827369611	-685.917140741189	6.97168773125413e-05	0.0646908842210822	-687.917140739069
60	112	0.0002320426358163	0.0730268731771229	-655.209271609484	0.000232042633039318	0.0730268701476116	-657.209271627967
88	94	4.10909558720436e-09	0.103248539661909	-602.118237480025	2.67254656608307e-09	0.101699889289454	-603.571463866174
65	123	0.0125037616455027	0.0423037293661966	-738.318933548141	0.0165535190567453	0.0393118166906307	-739.629965433382
100	107	0.000187296850854681	0.0605079862761619	-690.235467735445	6.32055063606822e-05	0.0621370721934404	-688.495575753299
85	87	0.031867107944836	0.0421708676357753	-523.008429877139	0.0318671081924429	0.0421708675352893	-525.008429864
40	92	0.000670051020391988	0.0820392725466029	-531.9106987451	0.000128869227051515	0.0842538228387304	-533.556698390155
89	105	0.000221533472723001	0.0625936226061462	-665.700633609637	0.00022153347269246	0.0625936226061462	-667.700633609637
75	114	0.022420815133706	0.0395902080676623	-697.682848586525	0.01683205600145	0.0398702806251298	-697.806433711272
90	117	5.32099909549817e-07	0.0776181917603333	-746.020949823496	4.94543481742342e-07	0.0776181917603333	-748.020949823496
