"simNum"	"IVsNum"	"P_largestGroup"	"eff_largestGroup"	"eff_mean_minClass"	"sd_minClass"	"P_minClass"	"P_minClass_mean"	"eff_mean_maxClass"	"sd_maxClass"	"P_maxClass"	"P_maxClass_mean"	"corTest_1"	"CHVP_test"	"correct_factor"	"CHVP_test_correct"	"AIC_1"	"gamma_1"	"prop_1"
"4"	116	1.0397118918172e-05	0.152153057391416	0.0189244841326192	0.0347461549165486	0.978546277806297	0.587049048364706	0.133521772173005	0.0329871393136913	1.0397118918172e-05	9.41156920100338e-05	4.13002965160558e-13	0.0167619818748368	0.957797689350013	0.0156291077222804	-727.912515439127	"-0.000936410932736964_0.152153057391416"	"0.497317190041144_0.502682809958856"
"2"	103	1.36938621684949e-05	0.137673622583947	0.0320539693886955	0.0446937426338198	0.658624351995548	0.474895161010081	0.128744820666742	0.0301231742088188	1.36938621684949e-05	4.32701703441554e-05	5.95697698946296e-07	0.0728167017660268	0.92104870365514	0.064897399868932	-624.201152366078	"0.0198042567896426_0.137673622583947"	"0.496746871116739_0.503253128883261"
"1"	108	7.25115279384308e-11	0.241284960450751	-0.016617577588721	0.0346546368792942	0.354830673886147	0.632547693076051	0.22698341932543	0.0333354218897838	7.25115279384308e-11	5.93126679572441e-10	0	4.06219090613437e-07	0.845903980991745	2.80754769382819e-07	-635.392621186092	"-0.03220419903246_0.241284960450751"	"0.492979270980635_0.507020729019365"
"3"	110	0.518766154772019	-0.0256167894537481	-0.0135695503887373	0.0395717428499342	0.518766154772019	0.732326525484047	0.123515858976283	0.0429607794530412	0.00162087652485769	0.00485833900455083	1.35957911595597e-11	0.0189246552966675	0.744894636309508	0.0119552623925962	-662.355519345259	"-0.0256167894537481_0.138893480584951"	"0.501369904058185_0.498630095941815"
"5"	118	1.16414300691014e-06	0.149227069600565	0.0391712961535247	0.0377429388809473	0.382872443856657	0.301482662219209	0.145151616917887	0.0290907049705813	1.16414300691014e-06	2.12646285613416e-06	4.69925103274704e-07	0.0261480506053132	0.708726773014704	0.0155287134291209	-729.025708130376	"0.0330595053047442_0.149227069600565"	"0.49810712898057_0.50189287101943"
"7"	94	0.673484614913547	-0.0110946728623831	-0.00318119819243875	0.0262467038395782	0.673484614913547	0.903791168482606	0.198799289974166	0.0362176861870946	1.44864079947097e-07	3.48131503820085e-07	0	6.30983840192473e-06	0.727858289786951	3.29605091374289e-06	-568.292745580123	"-0.0110946728623831_0.206170004444389"	"0.50914825154874_0.49085174845126"
"9"	103	0.792381589692352	-0.00664855560796829	0.00181559296714817	0.0251924939216943	0.792381589692352	0.942688276961878	0.184482435242486	0.0319746921579733	1.6488953905655e-08	8.57710548827237e-08	0	7.21043135015107e-06	0.937538097257102	6.27676187631531e-06	-632.785046108554	"-0.00664855560796829_0.196113216747205"	"0.504801991975151_0.495198008024849"
"6"	104	0.146040870100995	0.0345919925568032	0.0358424193157713	0.023616667923242	0.146040870100995	0.132159834308072	0.139219357621384	0.032789388438983	4.35377277086565e-05	4.78036061230735e-05	1.09685823397321e-05	0.0105196715531647	1.04042944097208	0.0112510717645988	-642.072026518466	"0.0345919925568032_0.140025918957376"	"0.50354275048195_0.49645724951805"
"10"	113	0.285836848220214	0.0302171516903453	0.0369902520771006	0.0281766077103037	0.285836848220214	0.191933968040285	0.105341273927285	0.0354788556894573	0.002130289457988	0.00365363293623342	0.000118310650424558	0.131391000811508	1.03943187183092	0.138086527621415	-721.857697959862	"0.0302171516903453_0.111564160510819"	"0.500814748961317_0.499185251038683"
"8"	120	0.141053531423195	0.0536858121447709	0.0317718434267585	0.0362316797260232	0.141053531423195	0.382303549445883	0.130394825120359	0.0301735451078436	0.000445675255171786	3.23356834325027e-05	0.0156351900012748	0.0364689523440306	0.955194716123726	0.0340175760338685	-745.877510089527	"0.0536858121447709_0.108996269695554"	"0.500169420709557_0.499830579290443"
"11"	87	0.000883211696033252	0.120982345019416	0.0512341201364977	0.0365058438862911	0.273436131590604	0.164083228389319	0.111157379242004	0.0351115112674302	0.000883211696033252	0.00213952436403942	0.00162922801654863	0.236782043785189	0.902428398631056	0.210960837567069	-553.547424188125	"0.0402378921861341_0.120982345019416"	"0.499507319642092_0.500492680357908"
"12"	107	0.734845673255291	0.011263624142263	0.0154750364664276	0.0331694008778879	0.734845673255291	0.641782485675629	0.108925446651783	0.0387062075358616	0.0041816240054692	0.00583073345236312	7.71622501849478e-06	0.0667602470408878	0.887922558506148	0.0564479633326008	-669.95943980692	"0.011263624142263_0.113314841839489"	"0.500827779107916_0.499172220892084"
"13"	119	0.520568979056616	0.017130039499818	0.0232546610884186	0.0265830688564128	0.520568979056616	0.383464047448301	0.117908894713825	0.0350847261927071	0.000578105666082405	0.00104806825090798	2.07408270558318e-06	0.0315278921479165	0.97931380817691	0.0305270657424057	-741.787898998513	"0.017130039499818_0.124118968917432"	"0.503302849279662_0.496697150720338"
"14"	106	0.196328527614732	0.0407227078021498	0.053335373855334	0.0313167644642271	0.196328527614732	0.091508943396582	0.113155675014659	0.0327664453709139	0.00018628273289509	0.000799326441326768	6.67348887499752e-05	0.186901684062127	1.02122183864158	0.191642693317677	-669.05677721134	"0.0407227078021498_0.126950968908344"	"0.50009970594415_0.49990029405585"
"15"	105	1.03946721096902e-06	0.135937838106636	0.0739842470942661	0.0302480465627802	0.0298742826587301	0.0161267116819035	0.129422645218628	0.0261841740266496	1.03946721096902e-06	2.9623792335754e-06	0.00126799865949079	0.165832567613299	1.17619056166467	0.202359737554386	-665.510838870536	"0.0666061206490191_0.135937838106636"	"0.498419159855529_0.501580840144471"
"16"	107	0.548738552856744	0.0136107780078837	0.0138106083902048	0.0226250701608097	0.548738552856744	0.542895629517409	0.133695334133006	0.0335473973311345	0.000117550482763688	0.000124017842427089	3.05804566558265e-07	0.00304891646233569	0.746312344912697	0.00183860198757909	-659.907808867571	"0.0136107780078837_0.134185685967757"	"0.505484397239253_0.494515602760747"
"17"	111	0.630250467130865	-0.0129327374579092	-0.00409775410616946	0.0267911204885452	0.630250467130865	0.878716387357736	0.145292625072747	0.0330742739909401	9.32227757659892e-06	2.58548510523135e-05	1.10134124042816e-13	0.0004484369748359	0.962049824459617	0.000415948093464245	-684.603360914198	"-0.0129327374579092_0.153766913249694"	"0.502505642528565_0.497494357471435"
"19"	88	0.0601870946043806	0.0695272932673865	0.0153914574863829	0.0445465189342037	0.327546135673383	0.730541832004113	0.0959207621593564	0.036512297321935	0.0601870946043806	0.0101769290861597	0.396633389442933	0.162075678314248	1.06320893736747	0.174791911091753	-522.647095267103	"0.0438609374978733_0.0695272932673865"	"0.499588071761176_0.500411928238824"
"20"	102	3.86256700764889e-06	0.189608219013942	0.0532337449768983	0.0442871306870486	0.363810288592354	0.232168867343734	0.177707399661252	0.0388003996046644	3.86256700764889e-06	1.32993128031094e-05	6.43067821215482e-10	0.0345124603816975	1.08211957611209	0.0389902210776888	-617.225213806772	"0.0404008651459565_0.189608219013942"	"0.498658834673534_0.501341165326466"
"21"	93	0.691717414650569	-0.0130203543472628	-0.000305603656446463	0.032732950503196	0.691717414650569	0.99257105828222	0.177391117868064	0.0335973570957166	1.71556167319481e-07	8.58617203514564e-07	0	0.000151675434121239	0.877566794006442	0.000117185425739629	-559.419366222284	"-0.0130203543472628_0.190109555548389"	"0.504490823746345_0.495509176253655"
"18"	125	0.00170617744983742	0.102540490804627	0.0485256053404604	0.0282307575780421	0.0218965154885392	0.0881296440697227	0.117948789330641	0.0319731678985708	0.00170617744983742	0.000335518622953702	0.10298754358382	0.103602124017998	1.490107563146	0.178023600607591	-794.268908881512	"0.0655352326715757_0.102540490804627"	"0.499986480928454_0.500013519071546"
"22"	112	1.5126379297734e-06	0.162729586022545	0.0165865858762334	0.0382292800586324	0.877722575354113	0.665224043603792	0.151451872473847	0.0320093927758771	1.5126379297734e-06	6.60932303959364e-06	1.95887750464863e-12	0.006833584847119	0.867903072376466	0.00537265531112363	-681.900691477736	"0.00589541579810406_0.162729586022545"	"0.499605588384501_0.500394411615499"
"24"	109	0.701798177172621	-0.0101824659103061	0.000340260050961202	0.0265228906170287	0.701798177172621	0.989787951938207	0.14287100951805	0.0288480377143659	3.87784802417195e-07	2.72234813637164e-06	1.19904086659517e-14	0.000275689495045134	1.05809921553693	0.000308850477182375	-680.910785243483	"-0.0101824659103061_0.155974284551387"	"0.503342779677117_0.496657220322883"
"23"	93	0.382837514936051	0.0250692587782798	0.0276542406011831	0.0285892574285886	0.382837514936051	0.335932659582852	0.132575713683162	0.0328407096927242	0.000109349676965564	0.000111941164672234	8.84045086246843e-06	0.0159660030350974	1.36555335129815	0.0271411302304247	-577.286085070352	"0.0250692587782798_0.132788314103555"	"0.501960373850684_0.498039626149316"
"26"	104	0.0275044391817462	0.0892505846790852	-0.0204863044196167	0.0462712514441762	0.549059543905522	0.658879554760675	0.082031248782624	0.0399141456319631	0.0275044391817462	0.0423908636237012	3.82540499277439e-06	0.0934154757370578	0.646975008729176	0.0525131665897004	-628.458045026664	"-0.0278160499131475_0.0892505846790852"	"0.499651059939_0.500348940061"
"25"	116	0.974599946918473	-0.00088601211556354	0.00780258637863855	0.0277668527492822	0.974599946918473	0.77921256597635	0.162863082084327	0.0345557522293451	2.39439521768592e-06	6.89428325291267e-06	2.62012633811537e-14	0.000468913445947898	0.828719933887086	0.000328826029762686	-722.236915732868	"-0.00088601211556354_0.17161108493764"	"0.502094052961151_0.497905947038849"
"27"	97	0.00866389973251542	0.0681160005349174	0.0532987978752461	0.0254160655941942	0.00866389973251542	0.038617351582049	0.0845529579993059	0.0277944339733626	0.0159854004639288	0.00302983363625566	0.998101125259205	0.406631700322197	0.790275031616398	0.32607547529359	-619.831010755903	"0.0681160005349174_0.0681705681470099"	"0.5000000000001_0.4999999999999"
"29"	88	0.775601312717587	0.00928526985100733	0.0275832140241452	0.0324724191432603	0.775601312717587	0.397970620986582	0.129013095336267	0.0415509446034189	0.000628420044900202	0.00256870038383167	1.77391412670147e-08	0.0544295153037443	0.832575872832817	0.0418246593136881	-549.000996137248	"0.00928526985100733_0.147419894574948"	"0.501298980625601_0.498701019374399"
"28"	102	0.927515479211658	-0.00232111994086007	0.00146270115449906	0.0254512889308819	0.927515479211658	0.954283862014117	0.154165249988186	0.0384742923376226	9.43939177087011e-05	0.000117781977568402	2.06270556191157e-11	0.000932236643217352	0.986609797093035	0.000908640963675381	-633.80959204277	"-0.00232111994086007_0.156488429336049"	"0.502760622726288_0.497239377273712"
"30"	101	0.604793025797899	0.0159606617461289	0.0310962279837841	0.0307429647242032	0.604793025797899	0.314222726528122	0.10777296703482	0.0311258056803868	0.000164398107639611	0.000788972277915739	1.88780487397899e-06	0.0796595829291954	1.08737365744255	0.089559225907428	-646.274722316134	"0.0159606617461289_0.121901869156201"	"0.500097002408863_0.499902997591137"
"31"	94	0.638943781566308	0.0109979548455623	0.0153427347991954	0.0233641745570211	0.638943781566308	0.513009796540948	0.129715766956705	0.03775815380521	0.000591427935317372	0.000885799149758509	3.41516268154152e-07	0.00999978658192724	1.0748324719008	0.0113126530995618	-593.103043624604	"0.0109979548455623_0.134325230158986"	"0.503159276425398_0.496840723574602"
"32"	84	0.772811751067521	0.0129728209270346	-0.0147394616073958	0.0447890158633671	0.772811751067521	0.742919242527568	0.0894002217841303	0.0438813031030047	0.201568550964107	0.0448041700049201	0.134607788737394	0.0967437187970396	0.704890637728854	0.0608877745505956	-500.055967005928	"0.0129728209270346_0.0564883249662754"	"0.50000843421679_0.49999156578321"
"34"	105	0.431748696915157	-0.0269162555865818	-0.010019293422296	0.0341026321093847	0.431748696915157	0.769497601808857	0.111175584864174	0.0370807930649881	0.000900817669432065	0.0033975018019631	3.80673270683474e-12	0.01614172145769	0.80459617204405	0.0114186584950946	-657.073947783413	"-0.0269162555865818_0.126753202805605"	"0.501404566254241_0.498595433745759"
"33"	116	0.561471828662188	-0.0154488646626152	-0.0147039343145721	0.0265285457461547	0.561471828662188	0.580471444748632	0.0944262157039918	0.032347480160511	0.0033641792524926	0.00422407019915027	2.55335222743014e-07	0.00909087374270997	0.942186957179392	0.00822109617260416	-720.393296476136	"-0.0154488646626152_0.096871779595788"	"0.502133344781225_0.497866655218775"
"36"	94	0.604500751111684	-0.0143151238513615	-0.00421924452184599	0.0275444624485704	0.604500751111684	0.87858866821877	0.154039575126684	0.0346350186290712	7.28345838543223e-06	2.40310851529833e-05	8.88178419700125e-15	0.000348531519719829	1.07310566546796	0.000401385227069991	-582.462160682009	"-0.0143151238513615_0.164620773223282"	"0.50579525798989_0.49420474201011"
"35"	119	0.869294352712239	-0.00469635409271377	-0.00441872012483057	0.0284777043750293	0.869294352712239	0.876956980010898	0.0956761721965141	0.0329295038384373	0.00418613651440209	0.00437972545258697	4.6166759664068e-06	0.0214958287320661	1.43259487842515	0.0391503155279459	-746.409199904862	"-0.00469635409271377_0.0961749956427655"	"0.501590638039698_0.498409361960302"
"37"	115	0.000444078323142073	0.118037146894299	0.0108727321341751	0.0393798910753615	0.902735396487588	0.782972247207174	0.110532915636653	0.0326259511160933	0.000444078323142073	0.000967606770765465	1.08846927471262e-07	0.0513195331835547	0.728504887855737	0.0326314152557848	-714.820824058923	"0.00482320642794283_0.118037146894299"	"0.499544882820356_0.500455117179644"
"39"	106	0.840375724616386	0.00668142403389809	0.0214034915955645	0.033090673397149	0.840375724616386	0.51916415664125	0.117935308927484	0.0330294146404864	9.41716816121821e-05	0.000538870712414556	2.6146229625823e-09	0.0389536843782486	0.972102229758887	0.0373237260798541	-677.20777957806	"0.00668142403389809_0.134151255915465"	"0.500156965190216_0.499843034809784"
"38"	104	0.77126361063581	0.00889213952000661	0.02580185415816	0.0305059224865175	0.77126361063581	0.399625960314591	0.149018042495763	0.0375266465974028	2.27667365150881e-05	0.000132766157710473	3.19921866775985e-12	0.010840409729225	1.26913044981847	0.0164072769563928	-653.454895013134	"0.00889213952000661_0.166572186736795"	"0.501999362308006_0.498000637691994"
"40"	103	0.000111558051557099	0.13407189449347	0.0357286774949709	0.0427057097803626	0.437494273555352	0.4047590041476	0.132899851357915	0.0333493312442412	0.000111558051557099	0.000126831915400076	9.91118410569314e-05	0.0729185248057662	0.67598977436476	0.0426850941319036	-618.966893969995	"0.0332887999536506_0.13407189449347"	"0.497146158348295_0.502853841651705"
"41"	115	6.46038762112153e-05	0.141748297708822	-0.0130913401266338	0.0329959497635649	0.303222826576113	0.69228917332302	0.119791811751248	0.0341645800262045	6.46038762112153e-05	0.00065079176212337	2.22044604925031e-16	0.00514638639505473	0.915724720578019	0.00441613496856534	-712.002222346641	"-0.0341250331182466_0.141748297708822"	"0.499739952827843_0.500260047172157"
"44"	105	0.00331394810847273	0.0907301106215388	0.076823785928886	0.0254987721394977	0.000567144279857468	0.00325043223926219	0.105821670381928	0.0301785403869806	0.00331394810847273	0.000671590240019631	0.998576767765187	0.462971082357283	1.10416498951597	0.502995637989558	-665.853829197188	"0.0906898000714002_0.0907301106215388"	"0.499999999999936_0.500000000000064"
"42"	102	6.72773605953403e-06	0.197407738434641	-0.0307386833112566	0.0407794789398771	0.256865764115108	0.452736088324122	0.181781743255401	0.0415553187059147	6.72773605953403e-06	2.96758695408032e-05	0	0.000262067810720227	0.722910401921516	0.000142566529903456	-596.423507763464	"-0.0465000936428287_0.197407738434641"	"0.498810681313932_0.501189318686068"
"43"	106	0.896236378407675	-0.00464824023443582	0.0122679601698876	0.0355551158602639	0.896236378407675	0.730754030128379	0.180495437721713	0.0420187920595806	6.56059542233901e-06	3.90076429242075e-05	4.44089209850063e-16	0.00224097957081497	1.14402739953983	0.00288548011996203	-628.377544827904	"-0.00464824023443582_0.199453934391253"	"0.501809568935203_0.498190431064797"
"45"	117	0.00537442904489987	0.0872054848758003	0.0762235444919744	0.0214041928262107	8.49331729419286e-05	0.000536602646698969	0.101275651355143	0.0307374208745714	0.00537442904489987	0.00130640090902193	0.999725466178713	0.503593375369803	0.827026991521646	0.430067185890435	-728.101489775219	"0.0871968391307057_0.0872054848758003"	"0.499999999999998_0.500000000000002"
"47"	89	0.00171138339587725	0.0984369182915806	0.00486981001484486	0.0353529099614822	0.982036987821826	0.89075389148402	0.0936575938394268	0.0304235945484265	0.00171138339587725	0.00277479622872997	2.60803316953773e-05	0.056959084131523	0.723440879481328	0.0360470551700959	-556.031762082317	"-0.000798243433971859_0.0984369182915806"	"0.499541650703091_0.500458349296909"
"46"	105	0.178004152227264	0.0293748415176721	0.03770944506109	0.0216612525579823	0.178004152227264	0.0846636254291368	0.119444365070867	0.0399034912300157	0.00158820370130421	0.00344773143359432	3.14812860420233e-05	0.071832089487711	1.18823171884884	0.0918801557119488	-647.597830896498	"0.0293748415176721_0.129423512554798"	"0.509814238507187_0.490185761492813"
"48"	108	0.058245377142683	0.044041997846147	0.049043810578919	0.023006138220188	0.058245377142683	0.0353142962121389	0.108512662177713	0.0302040104593507	0.000287498293436869	0.000496205628171759	0.00124980926767626	0.117280474586007	1.19008659948712	0.147518337021546	-703.167608767616	"0.044041997846147_0.113260178480762"	"0.501462669514411_0.498537330485589"
"49"	120	8.25755922648353e-06	0.122570698244918	0.0296198042094294	0.0370361852410037	0.744011196222195	0.42544741949446	0.109343759296937	0.0262931767604289	8.25755922648353e-06	6.07060761827177e-05	2.18710505706099e-07	0.079217127984012	1.06453568523935	0.0864530403408287	-751.549513969733	"0.0121221818463371_0.122570698244918"	"0.496904511102252_0.503095488897748"
"50"	98	3.0975144784554e-05	0.170944918823661	-0.00779460277402542	0.039898974324721	0.472430187112765	0.845520958816073	0.151229186867858	0.0391017935311704	3.0975144784554e-05	0.000198999308657138	0	0.00441913685129491	0.849062886005109	0.00332851626309504	-600.538871140473	"-0.0287810693120214_0.170944918823661"	"0.498068349069023_0.501931650930977"
"51"	103	0.00932345937073187	0.0746474442529323	0.0235731129788756	0.0322550379532957	0.351270467405985	0.466555371564424	0.0815196318462201	0.0281656016222232	0.00932345937073187	0.00464784382090961	0.0445367120962841	0.175989187080177	1.44865947553624	0.275110650237753	-652.82819082397	"0.0302041599374367_0.0746474442529323"	"0.4985181676071_0.5014818323929"
"52"	112	0.067150674147945	-0.0475371246517477	-0.0385494359378303	0.0257126838472733	0.067150674147945	0.136650660472145	0.183537441896108	0.0323854923338298	4.73210139843763e-08	1.16080861783327e-07	0	7.84383359640511e-08	1.13259170483272	1.06008164362301e-07	-670.485772460943	"-0.0475371246517477_0.189908785685625"	"0.503573674769118_0.496426325230882"
"53"	115	0.120588945105024	0.0582342515725906	0.0484236152363485	0.0372341352556875	0.120588945105024	0.196046859876248	0.120071288725287	0.0363371917886341	0.00366024705592406	0.00127263754773233	0.0283858682434288	0.16847079559632	1.03481843093205	0.175664073533069	-721.29852085495	"0.0582342515725906_0.107827373819835"	"0.500016857188331_0.499983142811669"
"54"	109	0.867762187349225	0.00326249524573971	0.00681853658765923	0.0195478086494912	0.867762187349225	0.727908543615944	0.103004118140193	0.0303280726169596	0.00080698296751305	0.00095673509988963	6.14992075798071e-06	0.00768164089660384	0.737055851751047	0.00464618709335336	-680.569534881265	"0.00326249524573971_0.104561486894252"	"0.507393661836147_0.492606338163854"
"55"	96	0.000444570472048568	0.14545156526552	-0.0188013240365268	0.0453086513795396	0.451106304567948	0.679106075111569	0.130683135355762	0.0399664358452621	0.000444570472048568	0.00149966837688404	3.11972669919669e-13	0.0133527435541765	0.766106250858044	0.00871225328276708	-574.735324047576	"-0.03428474236399_0.14545156526552"	"0.499899618071928_0.500100381928072"
"57"	104	0.81677046691906	0.00648994168239417	0.0108633554527652	0.0279384610697237	0.81677046691906	0.698203387753553	0.113225433225602	0.0382752061426408	0.00297604866376385	0.00383872961463282	4.21067615219428e-06	0.0307634021100116	0.708654076936046	0.0183908163704309	-644.457297998433	"0.00648994168239417_0.116455851619041"	"0.500505297846498_0.499494702153502"
"58"	113	0.858292296783759	-0.00434540342647795	-0.000203526368965842	0.024281397104226	0.858292296783759	0.993327131764159	0.119172572757008	0.0384222818259329	0.00167705112899727	0.00243541847125618	4.47535442038571e-08	0.00862837122884944	0.626083644280724	0.00407599708459515	-692.360165327627	"-0.00434540342647795_0.123725305425146"	"0.507833307269575_0.492166692730425"
"56"	115	0.264219036546178	-0.0256146718102042	-0.0242598590908749	0.0228294237573762	0.264219036546178	0.290183192933588	0.174798113478182	0.0332903882100117	9.23436573863758e-07	7.10746641623304e-07	4.44089209850063e-16	8.16843606181828e-07	0.809795865568054	5.17503403470403e-07	-692.997240315877	"-0.0256146718102042_0.172797455812483"	"0.504101834587585_0.495898165412415"
"60"	109	0.52255312045921	0.0174041762046724	0.0205945116195212	0.0271301844793955	0.52255312045921	0.449446599836831	0.146170184709637	0.0337325018990193	2.26417625472317e-05	3.30620918252996e-05	1.34589575040422e-08	0.00372122443536303	0.938840213228136	0.00332697224499118	-680.626518909059	"0.0174041762046724_0.149448844660556"	"0.50135749618931_0.49864250381069"
"59"	123	0.0802133754225843	0.0498131750364365	0.0588018409262141	0.0282367126243198	0.0802133754225843	0.0393900080138886	0.123909743766714	0.0373888426703063	0.000416588470806095	0.00121075123172045	9.26111296188914e-05	0.164647318122477	1.03507615866961	0.17176610368415	-761.219390917226	"0.0498131750364365_0.135688857864425"	"0.504232060884851_0.495767939115149"
"61"	91	0.166904220638181	0.0457545824693297	0.0531423815365482	0.0328345856084424	0.166904220638181	0.109056865105743	0.140860122103564	0.0365103667043688	0.000130156337365327	0.000214517484912236	7.81348589673492e-05	0.0740347858556945	1.11411481468596	0.0862690505514557	-563.787789088864	"0.0457545824693297_0.146005488054515"	"0.503004997008452_0.496995002991548"
"63"	112	4.85054568028703e-07	0.151505400081534	0.00749448818942949	0.0311447895943659	0.889121275246902	0.810282857992638	0.14119593662335	0.0283376183604811	4.85054568028703e-07	2.32449238013991e-06	6.15285600247262e-13	0.00149701613922085	0.690116966523838	0.000779935169401509	-701.703152372012	"-0.0043520696723953_0.151505400081534"	"0.498764085963251_0.501235914036749"
"64"	89	0.0192544886315177	0.0505957688557227	0.0438293186095891	0.0212193979694132	0.0192544886315177	0.0418141775280522	0.0581736843609115	0.0231786083687558	0.0316470179489054	0.0139094904577453	0.999369741514271	0.648053401318027	0.879176168965819	0.59516515990175	-567.827640321236	"0.0505957688557227_0.0506144451853573"	"0.500000000000018_0.499999999999982"
"62"	111	3.91787750208215e-07	0.169795225600359	0.000423776007773933	0.0317600574723491	0.625859765823992	0.989378273265425	0.153720372947985	0.0314548486901965	3.91787750208215e-07	3.50708549416254e-06	8.88178419700125e-16	0.000604832659836746	0.905870537879629	0.000501108665510036	-685.030280967654	"-0.0155286662945364_0.169795225600359"	"0.499530540973371_0.500469459026629"
"65"	108	0.0203635732360516	0.0793175652080389	0.0262424116999108	0.0362383571086608	0.402904899146803	0.470547178485916	0.0829550860759421	0.0336853727741241	0.0203635732360516	0.015387016325157	0.0271287773346991	0.251689634654372	1.13626373400806	0.289538564936006	-675.859838032549	"0.0304322032284032_0.0793175652080389"	"0.499970930273673_0.500029069726327"
"67"	96	0.690046527060528	-0.0106343223266279	-0.00720136634944121	0.0265850831268314	0.690046527060528	0.787071035093711	0.0803715963121981	0.0346166053601122	0.0154229804845899	0.0223824950165197	8.26583283544124e-05	0.0448153766151395	0.738683841198721	0.0288806921967703	-600.178132622236	"-0.0106343223266279_0.0853932790339491"	"0.503907771115684_0.496092228884316"
"68"	110	0.288650136115712	-0.0297272073064763	-0.0184737359495604	0.0278791850243862	0.288650136115712	0.508962813508886	0.140010594484719	0.0323273881504126	6.39179908066966e-06	3.31213178033544e-05	2.22044604925031e-16	0.000205160643464147	1.22202471885494	0.000311868737337731	-680.4643043394	"-0.0297272073064763_0.153360677678625"	"0.501770795196947_0.498229204803053"
"66"	108	0.43933033891598	0.0250919719140569	0.0180075777382892	0.0323257668688411	0.43933033891598	0.578645898988362	0.100737781791473	0.0393042358952396	0.0179716511083511	0.01176615098052	0.00543054031800239	0.104019539142411	1.30896493663086	0.149669666822201	-659.576174723414	"0.0250919719140569_0.0944569877768155"	"0.500179412564709_0.499820587435291"
"69"	106	0.343170640582969	0.0452249458057289	0.0319416878527189	0.0474940574813012	0.343170640582969	0.502716877780469	0.155096803258911	0.0521610228389823	0.00791365284635081	0.00365319591819654	0.000335605232612224	0.0808472457556289	0.686652006117611	0.0486247396625252	-613.327929238374	"0.0452249458057289_0.141230098916563"	"0.500314555723407_0.499685444276593"
"70"	109	0.272594462015897	0.0254792791210679	0.0282628206336665	0.0231055797897861	0.272594462015897	0.223915215731322	0.109996888325611	0.0311105970669504	0.000467258260125484	0.000600397662249901	0.000131356027829321	0.0349321828072942	0.834391235570811	0.0266091158366478	-678.874878645014	"0.0254792791210679_0.112282238396604"	"0.504719145256493_0.495280854743507"
"71"	90	0.771527724902073	0.0105547296551894	0.0293303019724236	0.0362377666459645	0.771527724902073	0.420452383718074	0.124094324953077	0.0416750743217117	0.000793001000349932	0.00374159311218086	8.22583468007565e-09	0.0861785517618156	0.833914426350459	0.0673210221172335	-563.323806371003	"0.0105547296551894_0.144797610082466"	"0.501498833760197_0.498501166239803"
"72"	105	0.381681086623208	0.0304883112433432	0.0199802109005693	0.0347037572519232	0.381681086623208	0.566037196436775	0.0975600659136718	0.0355080619940271	0.0159167625130848	0.00707880372312314	0.0208449851722965	0.118165828671593	0.817280940415626	0.090966512433543	-659.706213022354	"0.0304883112433432_0.0870273645486176"	"0.5002881179107_0.4997118820893"
"73"	115	0.861865311869927	0.00386116018778308	0.00655329397330491	0.0221404663718535	0.861865311869927	0.767778375585009	0.121855881489896	0.0331793907727944	0.000298194998124424	0.00036704990788899	2.70260542833967e-08	0.00384457445731701	0.983794279363113	0.0037340933966447	-719.057898936934	"0.00386116018778308_0.123816090158264"	"0.502522419679751_0.497477580320249"
"74"	104	0.00047902814365828	0.121796881561856	0.00852154609007023	0.0308190424001209	0.643720769904041	0.782716122591727	0.126012412082479	0.0337633701619533	0.00047902814365828	0.000311135593773769	8.80999446306596e-06	0.0101662300536666	0.98192188474835	0.00985823105357429	-632.719974923289	"0.0142959846078495_0.121796881561856"	"0.498514099966626_0.501485900033374"
"75"	101	0.372894970667096	-0.027406020938474	-0.0144873026508786	0.030618594652699	0.372894970667096	0.637134698190627	0.176579999762607	0.0331100193874896	8.69454697569504e-08	6.01105715177747e-07	0	2.26754447209922e-05	0.967134129182089	2.1129783389303e-05	-610.54338717713	"-0.027406020938474_0.191224797625014"	"0.504374662793241_0.495625337206759"
"76"	104	9.13960353111509e-07	0.159745142559995	-0.00658662947114679	0.038950862689354	0.603450158382461	0.866048855455017	0.146233706951642	0.0305736262630034	9.13960353111509e-07	5.77587620152525e-06	7.99360577730113e-15	0.00202711759909963	1.05674271212911	0.00224657794642342	-638.39252406079	"-0.0202953593245377_0.159745142559995"	"0.497580757464111_0.50241924253589"
"77"	98	0.269971883787703	0.0350368326392861	0.0427083179608222	0.0315798843694815	0.269971883787703	0.179395054068626	0.105170626902219	0.0310543616016361	0.000437067418379847	0.00102309396689203	0.00047755867420074	0.158456499055983	1.02557129132497	0.163486987916745	-631.496008719576	"0.0350368326392861_0.113088312136701"	"0.500035201703395_0.499964798296605"
"78"	106	0.000542089445504946	0.0837509339852355	0.0641864794388266	0.0235563277451754	0.00210536843716403	0.00753851906308452	0.0948106412357834	0.0234671163604132	0.000542089445504946	0.000101924928715581	0.604131362083169	0.357045597454847	0.842254765092527	0.301436206541994	-667.953589603279	"0.0742795975965059_0.0837509339852355"	"0.497053707793411_0.502946292206589"
"80"	93	0.672562558175315	-0.0166540222944695	0.00583465798176483	0.0392792456306711	0.672562558175315	0.882239338593594	0.116586423885268	0.0373875686505814	0.00036812663890181	0.00242819994353988	2.62503352388421e-11	0.0411187322945249	1.21621252395164	0.055523390410728	-574.924518169834	"-0.0166540222944695_0.138295364966478"	"0.500762900906071_0.499237099093929"
"79"	105	0.00115385475875008	0.119774256396369	0.0107077624789192	0.0373953045140677	0.987533476702502	0.775187530050744	0.108386799040783	0.0358314519173618	0.00115385475875008	0.00313371570786088	1.39914699825994e-07	0.0592915237899634	0.893578918371846	0.0504654740000037	-657.286706093209	"-0.000585712178099268_0.119774256396369"	"0.499416608045811_0.500583391954189"
"81"	119	0.278789205600416	0.0309928255614641	0.0340310630153341	0.0284846742460904	0.278789205600416	0.234594301858644	0.0863459482866467	0.0337160664596704	0.0101105079743376	0.0116989249260558	0.00714080422060315	0.235914151681681	0.738132991288363	0.167497512754814	-757.582584761355	"0.0309928255614641_0.088139262529043"	"0.501229599853698_0.498770400146302"
"82"	104	0.273209234933771	0.0304343409513371	0.034693535341287	0.0276277481273243	0.273209234933771	0.212047897086778	0.0964616584802044	0.0327653386468207	0.00264080878699562	0.00400447956870057	0.0012019721166987	0.149526185389729	0.943194093597639	0.138982526705495	-658.008853074035	"0.0304343409513371_0.100971840741734"	"0.500537413753178_0.499462586246822"
"84"	117	5.58609221247683e-12	0.174770466430603	-0.0312803537240806	0.0240120838636117	0.13560405607069	0.195260118855387	0.16931918309193	0.0227622051430471	5.58609221247683e-12	1.91687171246794e-11	0	1.33661773477521e-09	1.02154769023521	1.40906137069316e-09	-724.953140565203	"-0.0360857426586393_0.174770466430603"	"0.498557498758625_0.501442501241375"
"83"	107	0.00516980486547559	0.107625713879685	-0.00390967998767224	0.0388840078380645	0.995230654025881	0.920099805136103	0.11343229821837	0.0376898672383738	0.00516980486547559	0.00326893862907598	1.22766521184481e-05	0.0302439616977074	1.03801355707743	0.0320551632266637	-645.122128870472	"-0.000232978945690888_0.107625713879685"	"0.498848552797132_0.501151447202868"
"85"	114	0.952404191065363	0.00205998569151544	0.0233095159522192	0.0344360626540588	0.952404191065363	0.499857429259047	0.130297216591667	0.0340575320681816	1.83049871351513e-05	0.000214079099157727	1.70463643200947e-12	0.0271758636097614	0.934377275469759	0.0244518670018906	-723.575287069734	"0.00205998569151544_0.15241590471433"	"0.500736412807261_0.499263587192739"
"88"	81	0.0543362384866616	-0.0557962274897178	-0.0432347582836421	0.0285719044687191	0.0543362384866616	0.134171817315789	0.148241255182086	0.0339368304707634	5.6765156264195e-06	3.72231151221009e-05	0	1.58785262056731e-05	0.79471854490747	9.92664880557593e-06	-486.145090099748	"-0.0557962274897178_0.165044245032092"	"0.509495545664471_0.490504454335529"
"86"	111	3.74454992420759e-07	0.164480430979856	0.0728837179978403	0.0328097587220712	0.107366096000555	0.0283716508846478	0.145254560124731	0.0304124070004456	3.74454992420759e-07	5.55070837151218e-06	1.50849368552031e-07	0.105727859705527	0.999992712578429	0.105726832750268	-706.902002883042	"0.0532633992319823_0.164480430979856"	"0.499777525750653_0.500222474249347"
"87"	109	2.61455013744877e-06	0.180077288048901	0.0152674747110243	0.037525438358224	0.980561766181513	0.684918450694134	0.162621901392332	0.0362899333861281	2.61455013744877e-06	1.85410366296027e-05	1.11022302462516e-15	0.00476154871206731	0.861741422243643	0.00368118541403459	-669.857679763329	"-0.000916413287588122_0.180077288048901"	"0.497847115384375_0.502152884615625"
"90"	100	3.70571634263908e-08	0.154451811957041	-0.00481935700718665	0.0305574309728899	0.638959859593218	0.875002825824294	0.144854719190811	0.0258686283121752	3.70571634263908e-08	1.92639989819063e-07	1.55431223447522e-14	0.000185183439116746	0.889733983313402	0.00014712214543661	-626.526664667702	"-0.0143804016122924_0.154451811957041"	"0.4952160923233_0.5047839076767"
"89"	120	4.52177119852977e-09	0.168260863702871	0.0330955026004564	0.0362800948742702	0.463210194479105	0.363496172683074	0.161361394596285	0.0265855417487835	4.52177119852977e-09	1.57154920078019e-08	6.23825435752678e-11	0.00434811706991791	1.15996252176821	0.00569561322325476	-741.561221082164	"0.0267002833353265_0.168260863702871"	"0.496610069732856_0.503389930267144"
"91"	106	5.37011025088662e-09	0.171392585321219	-0.00148356343639025	0.0398322376937277	0.841485183368588	0.97036014308028	0.164687305081521	0.0269520828093219	5.37011025088662e-09	1.71178490976294e-08	4.66293670342566e-14	0.000550017447316123	1.06103317762782	0.000617935393913395	-645.635540885052	"-0.0079859661594059_0.171392585321219"	"0.497261820802245_0.502738179197755"
"93"	102	7.44064890550478e-06	0.192699088290597	-0.0394330012854169	0.0417602470129146	0.137868431090632	0.347284461940946	0.170172473388342	0.0407784642396181	7.44064890550478e-06	6.37434476912694e-05	0	0.000329267326039467	0.784739856894117	0.000208174478701689	-606.227424778609	"-0.0624578542577169_0.192699088290597"	"0.492451787628222_0.507548212371778"
"92"	129	2.99467322533119e-10	0.138966646755596	0.0632870974302649	0.0274448581638037	0.0247500785082148	0.0227200665481085	0.136841777983161	0.020330555061901	2.99467322533119e-10	5.09905334881869e-10	0.000364905222583145	0.0312741722120653	1.91798115607728	0.0914782160485753	-803.854011354473	"0.0623568509617422_0.138966646755596"	"0.495490849061437_0.504509150938563"
"94"	103	0.0379157385707983	0.0673213882759216	0.023379633050828	0.035249715618643	0.0673048667528944	0.508661950188241	0.110392152144207	0.0320102517606301	0.0379157385707983	0.000820225373633429	0.938822577836511	0.0676375425718839	0.70550945459634	0.0417368503102872	-639.340512427604	"0.0651885983277994_0.0673213882759216"	"0.499882501451967_0.500117498548033"
"95"	113	0.2635427983737	0.0313920945883695	0.0279830254165796	0.0279363483430957	0.2635427983737	0.318661812939693	0.116417143900274	0.0306502458424328	0.000350021455415398	0.000237234476416266	0.00034462534719415	0.0329729826202503	0.70607747166548	0.0196677077804238	-715.629353692338	"0.0313920945883695_0.113045510854242"	"0.501696858652977_0.498303141347023"
"96"	99	3.5781110813455e-05	0.138200077896479	0.054906222775616	0.03571228712432	0.161711993588762	0.127403192441665	0.13220508996655	0.0319032833036038	3.5781110813455e-05	7.25282726409559e-05	0.000144425488290967	0.106487230006714	0.866641627225455	0.088132521444263	-642.840310736668	"0.0503535495357591_0.138200077896479"	"0.499680561512941_0.500319438487059"
"97"	110	0.00304126010411568	0.0779497366569592	0.0467925948411358	0.0321688497253654	0.0217475771184528	0.148655540885123	0.107531730727116	0.0257138812295106	0.00304126010411568	5.86493426460558e-05	0.87710093254178	0.140250233415338	0.930921077995889	0.128106061152495	-694.294107456031	"0.0779497366569592_0.0748950532614731"	"0.502475529780641_0.497524470219359"
"98"	109	3.88615236675246e-06	0.131125930201505	-0.0312077703928469	0.0328615588497606	0.187399195312361	0.344398206408254	0.120997782525486	0.0269412290151336	3.88615236675246e-06	1.78233386750302e-05	2.22044604925031e-15	0.000341181783388454	0.886511941111977	0.000270342515663515	-668.117210169454	"-0.0435981409614542_0.131125930201505"	"0.495834347259685_0.504165652740315"
"99"	91	0.346429191084181	0.0266052232148639	0.0334524867392792	0.0281091292688449	0.346429191084181	0.237139554549675	0.130827527216846	0.0372551860293028	0.000351917932054978	0.000698365599817746	4.61478713154051e-06	0.0369363363982575	0.761307161939036	0.0246594160464168	-571.139905125702	"0.0266052232148639_0.138413352823868"	"0.501623689302853_0.498376310697147"
"100"	119	0.503772782647475	-0.0148252699734158	-0.0143657296802829	0.0221067950938203	0.503772782647475	0.517063020663714	0.137305343271857	0.0329909932715542	5.23971168999697e-05	6.02520097329713e-05	7.05724367833227e-11	0.000133892171776077	0.651288368215908	5.99233040192993e-05	-736.775272168545	"-0.0148252699734158_0.138509242220652"	"0.504706433494886_0.495293566505114"
