simNum	IVsNum	P_random	eff_random	AIC_random	gamma_random	prop_random	eff_mean_minClass	sd_minClass	P_minClass_mean	eff_mean_maxClass	sd_maxClass	P_maxClass_mean	correct_factor	CHVP_test_correct
8	109	0.743054770575053	0.0100165146140203	-664.824806209663	0.0100165146140203_0.0100187181329631	0.5_0.5	0.00202161378552375	0.0304775255887874	0.947236702487267	0.0156793446126976	0.0183067610681238	0.393629611353453	1.22712812804903	0.780481067289798
2	94	0.318650239895346	0.0271689081664329	-595.318421870995	0.0271537887373887_0.0271689081664329	0.499999999999997_0.500000000000003	0.0117332547629859	0.0260103391770854	0.652967821115298	0.0401654575817478	0.0270981588419169	0.141662185841015	1.10904799563203	0.490499928028159
9	96	0.54619506515669	-0.0202708197093952	-601.020134041975	-0.0202708197093952_0.0557323201802309	0.500206614934017_0.499793385065983	-0.0167844134155621	0.0334698302592657	0.617194268622508	0.0511130200057875	0.0366949092270662	0.166895536263523	1.20827693765963	0.216023496811172
4	98	0.000631832711260363	0.0930236230028725	-597.672556153276	-0.0682287874216694_0.0930236230028725	0.495978501242544_0.504021498757456	-0.0507487044567908	0.0452115579470244	0.264432577506103	0.0739720581704773	0.0263326991398917	0.00600799495349893	1.01870634828262	0.0176633986912709
1	103	0.462130393439231	-0.0160880763290808	-642.180456988185	-0.0160880763290808_0.106553001301245	0.512804358315322_0.487195641684678	-0.00985269872533529	0.0217957246008633	0.652194750970573	0.0983107273888804	0.0409850348852874	0.0182699149891416	1.64239397763667	0.0461746727894616
3	91	4.53476387217676e-06	0.130701264683652	-547.242712780644	-0.0180083215654571_0.130701264683652	0.496194112407363_0.503805887592637	-0.0153294882976073	0.0371847839182602	0.681135293730216	0.129418774129177	0.0267753337349142	5.49167595897443e-06	1.41414085411356	0.00314577399467363
5	98	0.718719123210805	0.00796166976239433	-599.746144948239	0.00796166976239433_0.139216595748811	0.516384826723973_0.483615173276027	0.0114734667121182	0.0220409373259927	0.603864688477548	0.134035242993437	0.0371738658420212	0.000494028204119349	1.47189951565524	0.00945892216046202
6	111	0.0915024676570861	0.0647866824129138	-697.159720488297	0.000164704572095628_0.0647866824129138	0.49983403500726_0.50016596499274	-0.00480445538197178	0.0385608393414679	0.901072256880996	0.0719625141591179	0.0380558102452194	0.0612587277281091	1.23201574381593	0.20283777548013
10	107	0.304789924145979	0.0416929939669188	-628.992789179093	-0.0225755678981952_0.0416929939669188	0.499903324997996_0.500096675002004	-0.0335739519825228	0.0474604358287971	0.480864591462349	0.0499728982714146	0.0404311725262462	0.219190846326211	0.908199329127056	0.160537456364437
7	125	0.000919517587063948	0.103450051201553	-771.484058180536	-0.0231957913836128_0.103450051201553	0.498772654089091_0.501227345910909	-0.0160323895710956	0.0358300160032027	0.655325843281484	0.0953456616606459	0.030463129365323	0.0021809055158461	1.04589198258025	0.0192309581168411
12	104	0.364421426874199	-0.0185013850113051	-657.225196376923	-0.0185013850113051_0.0599705822101913	0.510674556597933_0.489325443402067	-0.0107300888458522	0.0203088298625796	0.598395771759019	0.0535696121463919	0.0328697936279055	0.106208481858999	1.37506942647865	0.148779816353922
11	107	0.227897202388806	0.0413887782851704	-653.979978223034	0.041341797436466_0.0413887782851704	0.49999999999998_0.50000000000002	0.0160745241319311	0.03518241410492	0.648684406789172	0.0674459740207984	0.034126258116708	0.0507113886501857	1.22172623446273	0.36231270912427
18	90	0.609830482147556	0.0147273697275448	-565.65612793942	0.0147273697275448_0.0889129707105741	0.50302778282751_0.49697221717249	0.0221205831793254	0.0287572471167714	0.443800728129198	0.0794214038894182	0.0337238543496967	0.0207184404059328	1.2717201474572	0.26004292321354
17	104	0.107391392276597	0.0384998713992107	-653.23337852693	0.0384998713992107_0.0385076849455484	0.500000000000001_0.499999999999999	0.031700804569037	0.0237040213972662	0.184051052109656	0.0462348172092306	0.0212378704915392	0.0317643857571668	1.19124674661956	0.719691376053598
14	106	0.308766142384197	0.0306213320081691	-669.623826093474	0.0306213320081691_0.0341929968987807	0.500000021194979_0.499999978805021	0.0119730668998055	0.0299395385376785	0.690036513330372	0.0530201350145791	0.030180737929153	0.0818749174127844	1.37168033365279	0.453842127866815
13	102	0.898034116216963	-0.00478462831299665	-614.400558815284	-0.00478462831299665_0.0152196570733299	0.500530943236549_0.499469056763451	-0.0336969043311659	0.0372437481564982	0.367742124870602	0.0438433767647662	0.0368530658680844	0.23696110457891	0.860174332000863	0.114813695511624
15	115	0.41588871415552	0.0303010791195557	-703.518570048921	0.0303010791195557_0.0306406763125129	0.500000000000782_0.499999999999218	-0.00460535683976855	0.0371086654156548	0.90145099943952	0.0669848069357117	0.0318009453661924	0.0373654455129631	1.07714770422894	0.157047574850422
19	118	0.107363389112402	0.0388565327212993	-691.894173291332	0.0388565327212993_0.0388610461988341	0.500000000000001_0.499999999999999	0.0218548931067736	0.0239468659906801	0.363308077812468	0.0652830607639773	0.0411304757135531	0.115162050313567	1.25369919962077	0.447428980486781
16	101	0.917771159542107	0.00465814157060412	-609.883403877224	0.00465814157060412_0.0776708550852361	0.50051800795813_0.49948199204187	-0.0188904573326449	0.0450049490952022	0.675574522160584	0.100099835871973	0.037889125325816	0.00956887869502113	1.53403580480001	0.0839104587904735
20	122	0.234788672587577	0.0310467170339075	-750.189730836582	0.0310291310770011_0.0310467170339075	0.491205930134899_0.508794069865101	0.00702946157913309	0.0237196933208117	0.767466661301392	0.053531324720603	0.0260008886712609	0.0416571008946746	1.22565031454668	0.237568219690001
21	84	0.355656978647248	-0.0190023961875173	-529.89102036374	-0.0190023961875173_0.0460675789731747	0.512828990296234_0.487171009703766	-0.0131318695538328	0.0204578394562256	0.522707566574121	0.0407519820464266	0.0316310027845013	0.201202116194575	1.28610616499613	0.209017423893112
23	101	0.345788391790569	0.0312090474003917	-615.333259073279	0.0312051552178461_0.0312090474003917	0.499999999999994_0.500000000000006	0.0213274158498389	0.0218820633696758	0.332084300882764	0.0458863275909675	0.0329465604583169	0.16678416801958	1.55071825196886	0.722258291814606
22	95	0.25853217402495	-0.0383951201700167	-591.963881432802	-0.0383951201700167_0.0468985612269281	0.500297003635446_0.499702996364554	-0.0352389898752225	0.0337762055559978	0.299481354734416	0.0398464456875366	0.0373535545174946	0.288822416592091	1.10515216982411	0.154512899280992
27	100	0.519606800311416	0.0189822331528715	-607.191784838696	-0.00507455917655781_0.0189822331528715	0.494852997660432_0.505147002339568	-0.0196953209149809	0.0336926234554376	0.560174195033229	0.0342933086671476	0.0293724736220887	0.245799791962148	1.68191117258174	0.403593126299529
28	106	0.510437148630081	0.0206265939796063	-661.326897020876	0.0163453407368391_0.0206265939796063	0.499999961279239_0.50000003872076	-0.00342761461015457	0.0325178836391952	0.916253915090975	0.042259540953406	0.0312330245441679	0.178948860994909	1.27359356133159	0.396689164027191
26	115	0.36180395941568	0.0370734197690641	-693.726518075726	0.0370734197690641_0.111601515599866	0.500086233827482_0.499913766172518	0.0252438967632479	0.0404903829927139	0.534231542766832	0.125971740083495	0.0437595276769936	0.00476930578164577	1.28033038749539	0.128194069189805
25	112	0.0621051280532327	0.0397872132051191	-678.835397286364	0.0397872132051191_0.0972846882855228	0.514472041221078_0.485527958778922	0.0398631136655759	0.0211122193120101	0.0616161784102937	0.0975366097542736	0.0314161471687986	0.00241759610915467	1.8391487758845	0.281508878170338
24	118	0.678340247855666	-0.0150525331835409	-702.8654728739	-0.0150525331835409_0.120041511789093	0.500136621541166_0.499863378458834	-0.00049669900434598	0.036204032332493	0.989077181978868	0.113234971348595	0.0408315369818199	0.00646117981340475	1.16601955842548	0.0471015055685939
30	117	0.993493551377482	0.000223841850616299	-723.434883490669	0.000223841850616299_0.0483812281220099	0.50145787932965_0.49854212067035	-0.000905520961654183	0.0273902818155999	0.973683609986363	0.0475528021288408	0.0302501015521635	0.118676970059259	1.23423788929078	0.297273634090451
29	118	0.654901301669891	0.0171357861298073	-710.25970955782	0.0171357861298073_0.0562859314588693	0.502453986423888_0.497546013576112	-0.00013118071094872	0.0382399907564956	0.997268737539188	0.0732302953605676	0.0333324893283633	0.0299937602234367	1.26888456453577	0.199900649337852
32	86	0.308576332283249	0.0456957630094267	-510.388905973493	0.0456957630094267_0.0629837766620326	0.506064478610893_0.493935521389107	0.00896894747975579	0.0446095123852307	0.841136214913977	0.101533608419584	0.0327498512692787	0.00262245837117234	1.35537349277176	0.143463854536125
31	101	0.139288450262722	-0.0508966128550871	-609.028054452967	-0.0508966128550871_0.123283260036135	0.500722990972052_0.499277009027948	-0.0371113147990227	0.0341515374524182	0.27979685725581	0.10880119132976	0.0374833815469653	0.00455254116514001	1.11646047384959	0.0048965905702852
33	107	0.112769724223192	-0.0505629134554342	-670.16821795575	-0.0505629134554342_0.123511606182613	0.502044916839072_0.497955083160928	-0.0279929970552064	0.0316191411753311	0.37798902688363	0.101098259401563	0.0385765020328067	0.0100631338893471	0.921734546046372	0.00841800014254585
35	105	0.278764025435977	0.0218899933815692	-657.654492063681	0.0218899933815692_0.0218921093611969	0.500000000000001_0.499999999999999	0.0104797170723755	0.020104919460323	0.603299857906575	0.038122006420197	0.0329507942304555	0.249948391562977	1.53650639217609	0.658466711951474
36	93	0.164994780475365	-0.027898603639671	-580.56314517273	-0.027898603639671_0.0819954515009659	0.511539101304751_0.488460898695249	-0.023117888648772	0.0199332091043942	0.249144511717562	0.0756639659706948	0.0352168060064084	0.0342988114921597	1.69715041605137	0.0371832229701193
34	94	0.396497215994098	-0.0289253153176479	-576.292008207224	-0.0289253153176479_0.0741993970112899	0.504930941847776_0.495069058152224	-0.0299820702550428	0.0339567154747503	0.379540137200853	0.0770142547345569	0.0312582410025889	0.0155851496664557	1.37755795549707	0.0348683096053385
38	102	0.0482633361105004	0.0527436317303402	-623.670014305373	0.0347907805833959_0.0527436317303402	0.495630879332055_0.504369120667945	0.019080207610005	0.0274147284633538	0.488037433232603	0.0644037881851548	0.0263811947904912	0.0163749505533642	0.798602769490918	0.181121125362251
37	99	0.00345691008996912	0.122219660697079	-602.453149790157	-0.0475361322714288_0.122219660697079	0.499896448557539_0.500103551442461	-0.0283867830459571	0.0371040033029411	0.446074398513461	0.103660464289057	0.0407841771954229	0.0125996034465947	1.31913274929322	0.0265486426706332
42	87	0.195292666462279	0.0358770754249157	-540.906854098678	0.0358770754249157_0.0358847674879319	0.500000000000001_0.499999999999999	0.0302495213444272	0.0274869658635948	0.274183354713186	0.0408897796273684	0.0225301480824086	0.0730267887504367	1.19020055876929	0.826459469537457
39	119	0.168843510613234	0.0254246400367286	-761.017735246768	0.0254246400367286_0.0254376265872154	0.500000000000002_0.499999999999998	0.0174936346718333	0.0183648817608599	0.342760678560258	0.0327973200475179	0.0225028990140329	0.147642629445374	1.42539600552488	0.746189478712103
40	115	0.00526127090130713	0.0886051566152462	-726.435948033394	-0.0345350800617188_0.0886051566152462	0.499930713011495_0.500069286988505	-0.0175095567307358	0.0306414953922908	0.56883118266734	0.0716345414958258	0.0311404555680011	0.0232463194398638	1.60045642104092	0.0864156611151045
41	105	0.982643525593827	-0.000581024469736563	-635.487955827141	-0.000581024469736563_-0.000575388308834198	0.500000000000002_0.499999999999998	-0.0226637556540144	0.0266436831063908	0.396932446909159	0.0275579328902355	0.0339640390106878	0.418997352503119	1.461226796207	0.369923911965848
45	105	0.000648907845317337	0.0564772199013756	-693.871631909769	0.0564716560650158_0.0564772199013756	0.5_0.5	0.0538700477443764	0.0172872551047992	0.00236866099125481	0.057633322129015	0.0160595146963354	0.000508517936986873	1.86795213755668	0.982684789323864
43	101	0.213747897347971	0.0487985284035737	-626.453414555463	0.0487985284035737_0.0489149571657121	0.500000000001233_0.499999999998767	0.00940887866861548	0.0389985613048419	0.809845906314765	0.0873379891197733	0.0400977974760986	0.0317471926766141	1.09365989718317	0.182600085278203
46	101	0.122820290670483	-0.049338300436664	-622.686716203642	-0.049338300436664_0.108075974179152	0.500906535929755_0.499093464070245	-0.0369723540736372	0.0317043841888494	0.246323879391681	0.0969874502900238	0.0351456470133355	0.00688433815719606	1.35576182884411	0.00818641764728258
44	123	0.459103513467768	0.0231619377794121	-719.045289422533	0.0231619377794121_0.077100838399829	0.509793205126626_0.490206794873374	0.0159378606639364	0.0311870000120292	0.61024537170918	0.0806526174846174	0.0384870417829075	0.0381871414913689	3.52302556169999	0.723444620116775
48	94	0.894959873425762	-0.00416661195828464	-590.398167545513	-0.00416661195828464_0.0761352721396528	0.502483468825426_0.497516531174574	0.00326243885273422	0.0314716626066348	0.917660214120934	0.0690736132181869	0.0353524993634303	0.0537231972764306	9.99994439035756	0.996826076884388
47	97	0.954667913316364	-0.00248847278097359	-560.747139838936	-0.00248847278097359_0.0517223111557243	0.50005748945922_0.499942510540779	-0.022389993518005	0.0436615118469342	0.609263282089246	0.0760758277153733	0.0469904326053967	0.108735774441135	1.22321463794186	0.16224170578346
50	104	0.661790940594822	0.0222106721356118	-615.47976969328	0.0222106721356118_0.0222186063996932	0.500000000000003_0.499999999999997	-0.0137863558827647	0.0506272944614422	0.785928240684569	0.0442006488476163	0.03095069405378	0.156288621111575	1.88907940353836	0.592652704401507
49	102	0.283567473509729	-0.0365557303671807	-618.097293771328	-0.0365557303671807_0.0922058592979894	0.500786888941894_0.499213111058106	-0.0270275178426818	0.0339082738103448	0.427275909230102	0.0810217663097737	0.0485590712183791	0.098309905228812	1.43343997604575	0.114985084399588
52	102	0.835052858692123	-0.00848107780726917	-585.508625939808	-0.00848656031518255_-0.00848107780726917	0.5_0.5	-0.027135862741951	0.0403937053230563	0.503254672304224	0.0105091644366445	0.0406251759272563	0.796403972422817	2.33251248073194	0.862088620395063
51	106	0.121153723048983	0.0547640123821949	-635.50815893051	0.0547640123821949_0.080227586016099	0.500033942873618_0.499966057126382	0.0377619909995235	0.0350465330753867	0.283734462136622	0.0989634765282824	0.0406485215315982	0.0165939354591868	1.66067079610631	0.435656192944167
53	86	0.650739381585349	0.018937523822759	-484.044341038764	0.018937523822759_0.0189772109213249	0.500000000000033_0.499999999999967	-0.0259147605934044	0.0416810265385393	0.535776919697738	0.0522968250891093	0.045649381897182	0.255167808913524	1.06209109567459	0.220737865696519
54	124	0.953245953646707	0.0013669255010412	-788.688475317415	0.0013669255010412_0.0510795660667593	0.502646091421428_0.497353908578572	0.00483216104197844	0.0232665072217424	0.835816512722649	0.0463285322065752	0.0247953393651625	0.0640802737621849	1.09409054373944	0.246301220247126
57	111	0.258210035110457	0.0259976065125486	-701.470453583391	0.0259883551408723_0.0259976065125486	0.499999999999995_0.500000000000005	0.0183675483507805	0.0205302528936576	0.372923535097731	0.0324866660957399	0.0228748013102667	0.158379205500776	1.41893372263838	0.786706598089469
58	114	0.0157306476602166	0.0510557419395604	-703.68482270284	0.0510557419395604_0.0510624383491775	0.5_0.5	0.0391601832174439	0.0208208519457399	0.0625711708734019	0.0644312386367629	0.0253301061910063	0.0123207863250744	2.06922920735157	0.757911677449578
55	105	0.201124652015306	-0.0243415151790695	-642.032509880945	-0.0243415151790695_0.09715264631957	0.519812813852977_0.480187186147023	-0.0214386632944627	0.0189207081204004	0.259786339007939	0.0956986804023347	0.0390266324328653	0.015865936773357	1.36954994718018	0.0122356429471398
56	105	0.264444782086117	0.0412739526561232	-633.090601889485	0.0412739526561232_0.0426886693585682	0.500000001846097_0.499999998153903	0.0124965328651367	0.0367859413400938	0.734760416534551	0.0739641502334382	0.0446475058122236	0.100609476579983	1.39846705820062	0.406763746262386
60	103	0.631373266746149	0.0149736144765783	-609.459514713436	0.0149736144765783_0.0149816351823001	0.500000000000002_0.499999999999998	-0.00255009353192067	0.031114335969436	0.934840092570019	0.0362989315193991	0.027631601977105	0.191902884868025	1.35731783010543	0.468152369394645
62	103	0.0260805407918993	0.0528327174808773	-621.082788472228	0.00750354838327373_0.0528327174808773	0.475066924458477_0.524933075541523	0.00679278945569354	0.0324108940935268	0.834410773183779	0.0525464047780059	0.0233988106568836	0.0268811471196222	1.04600065998257	0.265184405559092
59	103	0.976151766767123	-0.00102900535559603	-632.245345572776	-0.00102900535559603_0.0242820689340172	0.500975456545068_0.499024543454932	-0.0266382146390305	0.0343377173202171	0.43967905353932	0.0510599858509741	0.0296666136794499	0.0882597707226369	1.30718295267205	0.126165230854675
61	97	0.0493698592000694	-0.0574964062239991	-566.75913235271	-0.0574964062239991_0.186517192869289	0.501901292262738_0.498098707737262	-0.051481956181204	0.0288841814276133	0.0778522368740742	0.183571478821219	0.0390578498961928	8.68908879893758e-06	1.70606597380635	5.11358691293749e-06
63	109	0.540402396070534	-0.0142230077413296	-681.235127140535	-0.0142230077413296_0.0720890909301914	0.505025986151269_0.494974013848731	-0.00893373486612356	0.0231585417290353	0.700430180916833	0.0664852898771906	0.0325430784859147	0.0434879155537155	1.31379183305945	0.0882803011441837
64	99	0.00144858110609836	0.114386091590303	-611.539409177546	-0.0304957479892113_0.114386091590303	0.499075556602698_0.500924443397302	-0.0129589619715305	0.0397196255682511	0.744922651915752	0.0981945314107884	0.0348981012367133	0.00591790062522612	1.36338753191444	0.0579103039197887
68	92	0.0618557928152696	0.0415906426957314	-571.361489516537	0.0184944850961617_0.0415906426957314	0.492003886299397_0.507996113700603	0.0117530691466937	0.0249179460444292	0.638290701318034	0.0479455245222882	0.0219983040326192	0.0318757078441953	1.02570784641764	0.283817852181076
67	96	0.189531671013698	-0.0351545430549485	-593.890363806477	-0.0351545430549485_0.0845467542374898	0.502728236375815_0.497271763624185	-0.0318478767578009	0.0266034077435563	0.234232581812153	0.0837906673906837	0.0356507685708341	0.0208258251646318	1.06770638346449	0.0104427841796982
65	113	0.544767627639952	0.0206052645884781	-689.645226379827	0.0205792556071427_0.0206052645884781	0.499999999999981_0.50000000000002	-0.00810258366015969	0.0323576980403205	0.802731631781453	0.042645689253853	0.0339197128243068	0.211277145621706	1.39287751982472	0.394186052563842
66	106	0.594112388774471	-0.0158162246969735	-680.083821074732	-0.0158162246969735_0.100718062675046	0.500220311039622_0.499779688960378	0.0140013686567844	0.0295896279314305	0.637063427232977	0.0708474849844742	0.0290243058563599	0.0163204737840684	1.58043442502133	0.296538568813477
69	113	0.343192524803274	-0.0218988585906778	-703.807990538772	-0.0218988585906778_0.065229734475811	0.504941049330507_0.495058950669493	-0.0189516853063519	0.0230051830659141	0.411803632616744	0.0623319947590308	0.0280892860740517	0.0284979476710463	2.65160304300549	0.136348617765143
71	91	0.00628804380277711	0.0892309396439719	-542.463201723588	-0.0267895970664155_0.0892309396439719	0.49440964464595_0.50559035535405	-0.0227641659463321	0.0413338135812996	0.58317674395159	0.0868854506602071	0.0318903020215863	0.00773664426267835	1.36584749466717	0.0583457266170483
72	91	0.400393331731084	0.0257568276139758	-566.348059873462	0.0257568276139758_0.132027508264982	0.503081673863745_0.496918326136255	0.03392385095879	0.0304841632072999	0.268742729638713	0.122830753041364	0.0382530788471325	0.00183476471397052	1.31875718767956	0.103086701555242
70	108	0.716424561466371	-0.012655125471648	-662.850886078209	-0.012655125471648_0.0823086355748115	0.502221833702097_0.497778166297903	-0.00989268229268493	0.0347473747628107	0.776421969815486	0.0793816082174359	0.041992650562455	0.0614141709732381	1.3516003017453	0.1527646519982
76	91	0.0981046346736788	0.030190833264858	-571.282945329898	0.030185588177192_0.030190833264858	0.5_0.5	0.0279763473713724	0.0183383336267379	0.130624466774644	0.0314438495925786	0.0180625568850408	0.0851307911748486	1.07432212204573	0.910212725759309
73	104	0.000679418772363098	0.113886349195512	-629.223562513802	-0.0325846572015555_0.113886349195512	0.498315413451318_0.501684586548682	-0.0324853630828679	0.0346912522463013	0.351250650900431	0.113483651312833	0.0325007163499388	0.000708196307239478	1.25575413158511	0.00330221492061404
74	104	0.582556520287084	0.0170483159590299	-623.829179280186	0.0170483159590299_0.0266664257913215	0.509574173054472_0.490425826945528	-0.0069824877479478	0.0309184659695432	0.821776869539553	0.0499622187263388	0.0283262665305394	0.0807286612150043	1.38077128414991	0.257740368015944
79	90	2.14952559232029e-05	0.126431925189103	-549.627046181602	-0.0345972111322567_0.126431925189103	0.498091452244729_0.501908547755271	-0.0243482625103684	0.0346336770473424	0.483876522691553	0.116628144631331	0.0281756980449902	7.894707506863e-05	1.45337197517737	0.00334803237715257
78	106	0.95993054184264	-0.00135802101449444	-659.522929773063	-0.00135802101449444_0.0600892144513516	0.500689741711722_0.499310258288278	0.00407434479749989	0.0269658286717597	0.880192347019144	0.0556025551940944	0.0328678262904174	0.0936687582260075	1.28036211329173	0.298041105288963
77	113	0.601240179458994	0.0129986787904365	-700.891071076307	0.0129986787904365_0.128991956709108	0.509118645486555_0.490881354513445	0.0149997322631345	0.024801601264666	0.54654263685603	0.127901438321627	0.03280858717781	0.000165384673301839	1.58465688161122	0.0143042081834346
75	128	0.418080592541853	0.0258521174223945	-778.651780049919	0.025801969917437_0.0258521174223945	0.499999999999985_0.500000000000015	-0.0104279998562914	0.0364501992236696	0.775276115880841	0.0575199718474361	0.0318217858118773	0.0730409459776229	1.55443815140931	0.276016342658856
80	138	0.380203098836026	0.0152220538993111	-804.16830156859	-0.0594361160731761_0.0152220538993111	0.449650585483965_0.550349414516035	-0.0583454261611724	0.0422974354146124	0.170016452099479	0.0140456700032902	0.0172906078228184	0.418011902092175	1.39882014376602	0.176961565092315
83	96	0.159764184115478	0.0418887142134073	-603.892835197271	0.0418588074368613_0.0418887142134073	0.499999999999993_0.500000000000007	0.0230789323126865	0.0323013544342241	0.476677426163982	0.0599265271778431	0.0295622721568102	0.0454512352399001	1.20425686999407	0.472893517186283
81	114	0.0547123867008124	0.0588116628490291	-705.930881804994	-0.00890151718852365_0.0588116628490291	0.495256573973456_0.504743426026545	-0.0125078961265028	0.0296761666200328	0.674205645622824	0.0625511985076508	0.0302950441941002	0.0412367966513424	1.46436574045941	0.132384864333162
82	113	0.30889092646573	0.0367073845168652	-677.644575951583	0.0367073845168652_0.0472132009253865	0.500081155289869_0.499918844710131	0.00152611540572854	0.0359103138385981	0.966177401982224	0.0848587821567737	0.0361559856793977	0.0206811501340805	1.16992083103977	0.126062434691393
85	122	0.106925447576736	0.0488012128514045	-771.929101741855	0.0487957137256294_0.0488012128514045	0.499999999999997_0.500000000000003	0.0348981474734254	0.0250077364198865	0.165422645409804	0.0656417249397101	0.030045449605751	0.0308347089994973	1.25243729952329	0.523247267805421
84	116	0.470973686038201	0.0155011040850532	-711.905478095912	0.0155011040850532_0.0990553801287186	0.521619085451059_0.478380914548941	0.0144899443797015	0.021431544678705	0.500332333149083	0.100989090504267	0.0330595863232902	0.00279972624712951	1.26936120155804	0.0412360461153781
88	103	0.381798751977732	0.021788838693186	-644.730883418545	0.0217794834347771_0.021788838693186	0.5_0.5	0.0119065910434372	0.0265074107509105	0.654254974248407	0.0324634354558443	0.0248055395519599	0.193571210008861	1.26156040567947	0.66953543468497
87	109	0.236540125438603	0.0342796335293198	-671.528275337354	0.0342620776098794_0.0342796335293198	0.499999999999994_0.500000000000006	0.0148171243278596	0.0356479133299741	0.67848941545723	0.0536153046721608	0.0287992645144896	0.0653656827764034	1.58907713446093	0.591701056508736
89	102	0.108117459587374	0.0665054543502876	-628.17640560131	0.066484453707914_0.0665054543502876	0.499999999999978_0.500000000000022	0.0405813758626387	0.0322933192682424	0.211779270609493	0.0992198435650374	0.0410252873372183	0.0173747853275191	1.07737797068452	0.283428737603567
86	108	0.770835644206355	0.010476232082038	-661.095636324871	0.010476232082038_0.0339976966694236	0.502195586362024_0.497804413637976	-0.021436887966773	0.0358748686770837	0.551405352223287	0.0677352710264955	0.0331782586652081	0.0436558921762812	1.39336344647243	0.110135173834088
90	110	0.883271672126168	0.00452304532001065	-679.512642090142	0.00452304532001065_0.00452432267374747	0.5_0.5	-0.0113269493520684	0.0307339937844782	0.713179556430226	0.020020215571138	0.0303173774816128	0.510419499278827	1.08491626966285	0.50065820500465
91	105	6.92631075843764e-06	0.13832585184746	-635.844940805703	-0.0580467084956461_0.13832585184746	0.498424977218357_0.501575022781643	-0.046833134522932	0.03820520902951	0.223030802888807	0.127077471544972	0.0292084513191504	3.17854417287964e-05	1.0163756899477	0.000308711722307838
92	123	0.918594963259208	0.00283127013753853	-752.723861222917	0.0158080537935802_0.00283127013753853	0.497723972874958_0.502276027125042	-0.0219422289049258	0.0276449160770721	0.428901503002541	0.0424065104717801	0.0309317445310671	0.172900912051216	1.43195399113838	0.193853974076258
93	104	0.259091063771666	-0.0347546374005148	-631.61532577452	-0.0347546374005148_0.0767558577619397	0.502150307577507_0.497849692422493	-0.0346482416606066	0.0306260906457229	0.260543071811826	0.0767429834374443	0.0396899779238885	0.0559121407525447	1.06991256494877	0.0292580088218104
97	103	0.967685049297919	0.000806706755684684	-650.861312337418	0.000806706755684684_0.0321546234337576	0.500043036320277_0.499956963679723	0.00882607025981003	0.0198640267556949	0.657749409245431	0.0248792765502549	0.0212131744149353	0.243598922894516	1.05078246138025	0.601394753410783
95	115	2.44248341750051e-05	0.145395245418318	-680.289384907873	-0.0493575808195546_0.145395245418318	0.49954754765913_0.50045245234087	-0.039822702099318	0.033815969337801	0.241396760401346	0.139189845899056	0.0330396447740905	5.06544416025397e-05	1.64699435978095	0.00046758574005299
96	124	0.885026174769743	0.00342679424843404	-799.176087273344	0.00342679424843404_0.073407735099558	0.501222061889651_0.498777938110349	0.00767824205061772	0.0236492039472726	0.745980613806169	0.0697354333155034	0.0294477373306281	0.0194378407559812	1.23145040837128	0.133126455954349
98	97	0.56346060828253	-0.0216095212163551	-579.500845583079	-0.0216095212163551_0.0459947213514253	0.50073798692929_0.49926201307071	-0.0317420653963582	0.0372757039200222	0.396584011701625	0.0651920568642227	0.0453908402970909	0.154185348641837	1.11817441689342	0.115020436691531
94	120	0.311841386771306	-0.0370944694653778	-729.34894702201	-0.0370944694653778_0.12368603242877	0.500017907039499_0.499982092960501	-0.0325782819245744	0.0365217305430855	0.374179941435069	0.118080741098299	0.0371313189975903	0.00187740207273293	0.906518142045087	0.00321266506798868
99	91	0.170409012909767	-0.0440986256992357	-522.611506263665	-0.0440986256992357_0.128308957588683	0.517305555270253_0.482694444729747	-0.0433678654115888	0.0319105430814805	0.177528309311604	0.126111926087614	0.048890673681202	0.0115163940293341	1.17363361051916	0.00496310519281877
100	97	1.81405670637963e-06	0.129923369778436	-602.019610967979	-0.00711270463801057_0.129923369778436	0.497766993334745_0.502233006665255	-0.00430096831298556	0.0377274429453516	0.909475038099646	0.127462533949325	0.025548467773021	2.69982132403114e-06	1.76466002375439	0.0116449335780593
