simNum	IVsNum	P_random	eff_random	AIC_random	P_fixed	eff_fixed	AIC_fixed
66	106	0.00639418087704493	0.0423117323432882	-686.077605050233	0.0051889367340102	0.0421017294087782	-687.391880562823
21	84	0.649079870321457	0.00855556393273703	-533.660395751906	0.649079870321457	0.00855556393273703	-535.660395751906
46	101	0.0837916860893778	0.0295990737868758	-628.123357632875	0.0790640757653059	0.0294665269908719	-628.074749752003
1	103	0.0369286033718165	0.0364810617225018	-645.11430404222	0.0369286033718165	0.0364810617225018	-647.11430404222
76	91	0.0871189916845787	0.0300992645220221	-577.273822750106	0.0871189916845787	0.0300992645220221	-579.273822750106
96	124	0.00621780864354652	0.0385463315574344	-804.610588593722	0.00389783257041334	0.0391951026964413	-806.056954628797
16	101	0.0322169163059878	0.0412757197919727	-614.862659653593	0.0204737438682695	0.0427811798626474	-614.46493065957
71	91	0.130924881985544	0.0299183556041947	-545.765202394979	0.0555088093863553	0.0368611553115882	-545.616142954908
51	106	0.000241633557648358	0.0672552580390174	-641.490132894539	0.000241633559994089	0.0672552571597519	-643.490132876256
41	105	0.972320593236664	-0.000577003683586076	-641.487951104065	0.972320587324712	-0.000577004466997106	-643.487951110752
11	107	0.0147573619423159	0.041328632574046	-659.975461936512	0.0147573620273758	0.0413286339571577	-661.975461926244
86	108	0.200440704709109	0.0216344694567323	-666.343351075197	0.157889135050567	0.0230761592461645	-666.755459881435
2	94	0.0899041887451145	0.0271373878522138	-601.316426742637	0.0899041887451145	0.0271373878522138	-603.316426742637
26	115	1.4152915612671e-05	0.0739799942710077	-699.686775714622	1.24769942278183e-05	0.0736418302212489	-701.634948177135
97	103	0.255234228619193	0.0168533917305647	-656.864364460562	0.249574765770296	0.0168533917305647	-658.864364460562
42	87	0.0413424870448731	0.0358615486247017	-546.905553463228	0.0413424870604018	0.0358615467689498	-548.905553463945
17	104	0.0149926353951797	0.0385049731466307	-659.231451727641	0.0149926353951797	0.0385049731466307	-661.231451727641
56	105	0.0241064945336136	0.0420439942174187	-639.096018397957	0.0239282125972776	0.0420439955992147	-641.096018397274
52	102	0.679179253697748	-0.00846882333826647	-591.508207695381	0.67917925384915	-0.0084688236019423	-593.508207695465
36	93	0.154833523999801	0.0259328813537765	-583.041809462805	0.225172000730916	0.0216016001791865	-584.488937419598
87	109	0.0373144726053605	0.0342018428769913	-677.520579442215	0.0373144725856249	0.034201842157704	-679.520579442409
3	91	0.00394195274410751	0.0563268141182462	-550.990259727847	0.00188725940440727	0.0582652952544987	-549.069256848026
31	101	0.0456455613842216	0.0356060717678906	-614.291240145644	0.0739047383142365	0.0304837019207524	-613.272791688898
12	104	0.241629773236337	0.0184761559000311	-660.586018838865	0.241754342258073	0.0183630578067295	-662.585293379009
67	96	0.174061830162268	0.0246054277636609	-598.435466382082	0.234383119218801	0.0203285029882097	-599.936709064953
61	97	0.00435284411193229	0.0623881899622357	-568.604536678547	0.0104906674954941	0.052714187122981	-567.288185736829
77	113	8.70110783611228e-05	0.0672976115027679	-704.310463871091	8.7298248702057e-05	0.0670702095535226	-706.304237674075
72	91	2.55898066264625e-05	0.077836843546929	-571.138285931182	2.72848604780066e-05	0.0755875477157221	-573.016295602618
81	114	0.094487888038509	0.0272496106186138	-710.133426069319	0.0799808075391097	0.0276501514644763	-712.063291976485
47	97	0.22218705237479	0.0242217051212218	-566.732106016085	0.223381533191467	0.0238874781509089	-568.715397027849
18	90	0.00363022217350207	0.0488900771287081	-571.171061035135	0.00363070564275816	0.048830273519604	-573.170818815008
37	99	0.0355752213509633	0.0371755284517723	-608.177008781132	0.0198663084327835	0.0392799660312669	-607.570773039595
57	111	0.0762220524332189	0.0259765683443247	-707.467736722551	0.0762220524332189	0.0259765683443247	-709.467736722551
91	105	0.023283640959142	0.0409014335309412	-640.449424447097	0.0127044007647407	0.0434434655993915	-640.672946102435
6	111	0.0350728443307905	0.032677520804439	-703.089404929737	0.0335620479518016	0.0324859478799245	-705.033251639221
43	101	0.00558708517051085	0.0488312791596225	-632.447847685172	0.00554820518385019	0.0488312860085086	-634.447847684903
88	103	0.168068325760348	0.0217291529489011	-650.725676841479	0.168068325760348	0.0217291529489011	-652.725676841479
53	86	0.39546249089042	0.0189818719039483	-490.045296437437	0.395462496798008	0.0189818707908883	-492.045296437896
22	95	0.81090752846127	0.00418444889622329	-597.810530990734	0.73469265335327	0.00563354505332105	-599.610399602479
98	97	0.578818310471135	0.0104303014846823	-585.369586992411	0.588036786470186	0.00992461469080015	-587.354858720001
68	92	0.0714257188142567	0.0306852121387682	-575.716935628307	0.0704803241703868	0.0299695970794251	-576.861374671347
48	94	0.0414446290296183	0.0351277842568363	-596.06027966255	0.0414446290289707	0.0351277842568363	-598.06027966255
62	103	0.0665682001284563	0.0321953934418532	-624.589900103943	0.0665682030542559	0.03219539457159	-626.589900070022
73	104	0.0275015821353495	0.0412187069424924	-633.590336443873	0.0144777326453424	0.0438551945469217	-632.12376554754
78	106	0.0734021025069453	0.030361679347867	-665.358149651702	0.061538622996801	0.0306162694639705	-667.345030364665
58	114	0.00149281516261249	0.0510204352905616	-709.675384908827	0.00149281517109115	0.0510204375379727	-711.675384898336
54	124	0.0666165644976518	0.0262441117179334	-793.876366973012	0.0553111089045912	0.0269224524661352	-795.384216181956
27	100	0.66817142088017	0.00754265296620097	-611.701445397551	0.668705687414612	0.00748103618312327	-613.691630190442
23	101	0.0917883956632109	0.0310773812356994	-621.322029748621	0.0917883951459955	0.0310773714580789	-623.322029793042
89	102	0.000264933691830483	0.0664519019096264	-634.15409709581	0.000264933692697082	0.0664519012680669	-636.154097096024
82	113	0.0167854336551555	0.043114786727381	-682.745661750662	0.00999740756996196	0.0441915572701435	-678.296134857561
13	102	0.772731205291865	0.00592768381311902	-619.739014090432	0.622846028277251	0.00838642618718454	-621.117572854835
32	86	0.0109202300752048	0.0565304705273916	-514.814577367765	0.00324564578088031	0.0585076183485285	-516.659863906362
99	91	0.353205337608071	0.020725910291332	-524.646846396217	0.353205335564207	0.0207259092476009	-526.646846398001
69	113	0.182074067843381	0.0207563813658202	-707.748208947291	0.172053370174484	0.0209363284605305	-709.258739381098
4	98	0.494615598975199	0.0125771938274059	-602.103407470248	0.512426426108786	0.0113650390064665	-602.91907139736
79	90	0.00873024191435906	0.0463567204973897	-554.682196767229	0.00447927314297367	0.0473854031307959	-554.757732011459
74	104	0.236612237124361	0.0213950213588568	-626.405094586269	0.136407376453928	0.0257555376382434	-622.539260064633
55	105	0.165672017080022	0.0241733822458786	-643.214484130932	0.165672017174515	0.0241733858244971	-645.214484129811
28	106	0.212637879923666	0.018489578495221	-667.327393976182	0.212637879925093	0.018489578495221	-669.327393976182
59	103	0.506815081543916	0.0109962970451491	-637.633028105832	0.566399373507328	0.00919807955263134	-636.651543378351
38	102	0.0108330754190475	0.0437942246374499	-628.54291031369	0.0143880075343089	0.0409248756911913	-629.992359774523
7	125	0.00964271254010087	0.0399361434563872	-776.572681739149	0.00960499451127094	0.0388444929194854	-777.414944180047
90	110	0.778173568953529	0.00452221700925958	-685.512652797048	0.778173568892831	0.00452221967133029	-687.512652797075
92	123	0.561498884345767	0.00896458196966366	-757.822069012574	0.528294491518817	0.00940185370184502	-757.97518062955
14	106	0.0350863422254721	0.0324180612629768	-675.624797759538	0.0350863422254121	0.0324180612629768	-677.624797759538
19	118	0.0290224780488603	0.0387980393942993	-697.88553280006	0.0290224778185246	0.0387980395627221	-699.885532771728
83	96	0.0108620186514865	0.0418796136759754	-609.893787598054	0.00936842972780287	0.0418796136759754	-611.893787598054
63	109	0.0728053097508656	0.0279737275410301	-685.591709230314	0.0930661756665176	0.0258804750516721	-687.19259203131
49	102	0.146158828319613	0.0274504244416059	-623.911907031893	0.12119222949092	0.0279678241117721	-624.925729035626
70	108	0.055793493395636	0.032092805836011	-668.611150493531	0.0557934933856153	0.0320928089648413	-670.61115049382
44	123	0.0141039916714591	0.0428167552535448	-721.90355002341	0.0140413682841259	0.0420377922128063	-723.844143358018
39	119	0.0586435551778619	0.0254483190242142	-767.01963845499	0.0586435551778619	0.0254483190242142	-769.01963845499
8	109	0.538631605081821	0.00998605612500981	-670.82355166557	0.538631605081821	0.00998605612500981	-672.82355166557
33	107	0.0279519837968819	0.0366296280244929	-675.841762995465	0.0371142501365324	0.0343428385875735	-675.501742311705
64	99	0.0145808409320318	0.0417835533934877	-617.422055891899	0.0207093333504024	0.0379497541415909	-613.591383799264
75	128	0.0911732244873519	0.0258260766717731	-784.652014171441	0.0910964995241814	0.0258260783038103	-786.652014171751
5	98	0.000787843663812108	0.0628633655443481	-600.946275676267	0.000787843670751672	0.0628633617339657	-602.946275668524
80	138	0.774951638158069	-0.00683725944258425	-799.872131048407	0.774951671030517	-0.00683726279022445	-801.872131021061
100	97	0.000645377989747738	0.0617661665819737	-606.591080088505	0.000278512311791225	0.0627383026248542	-607.376516675022
93	104	0.268985600344667	0.0192857103024105	-636.251155262962	0.247361290472247	0.0193508058755316	-636.484063919559
45	105	0.000121081180677611	0.0563361825404949	-699.835272949755	0.00012065943096718	0.0563361825404949	-701.835272949755
84	116	0.00284671881644021	0.0496656962605199	-712.305652607795	0.00284671879863184	0.0496656962643614	-714.305652620854
60	103	0.403311064673927	0.014964787588556	-615.458890320924	0.403311065624269	0.0149647874914375	-617.458890336008
34	94	0.247856525390269	0.0215419983594287	-580.122767957693	0.196929905595734	0.0232908647455956	-580.297960361408
15	115	0.050012962753223	0.0304979887569987	-709.520275637615	0.049965506696027	0.0304979939940502	-711.520275637747
29	118	0.0258131840895558	0.039521369376616	-715.900823859403	0.0162157988576099	0.0402668583637819	-717.850497418652
50	104	0.216821329182231	0.0222098435055233	-621.479833539866	0.216821329466366	0.0222098410130267	-623.479833538177
24	118	0.00234164722422442	0.0527704479613477	-708.794797788154	0.00277516966734165	0.0497754420739553	-710.096669956749
85	122	0.00149081932341485	0.0486579250435007	-777.897717274927	0.00149081931431759	0.0486579251789451	-779.897717273598
35	105	0.188807398095848	0.0218592949779455	-663.651173612105	0.188807398095848	0.0218592949779455	-665.651173612105
65	113	0.22158761315796	0.0205748211571416	-695.644249867596	0.221587612635658	0.0205748197001269	-697.644249870495
40	115	0.0573130602235681	0.0270165504309842	-732.088185880618	0.057782887050444	0.0261471195256178	-733.102419865127
9	96	0.288644119195486	0.0175198166176961	-606.898164756061	0.282562098545851	0.0172262090097078	-608.496751849068
94	120	0.0115427034564448	0.0432484933760553	-735.197391026876	0.00389867315001807	0.0475079927885137	-735.002026741729
25	112	0.000133584158174758	0.069695555031275	-679.059178289667	9.49897032520506e-05	0.0690003167037144	-679.073975160546
20	122	0.0541862456805152	0.0309260108797012	-752.69635662047	0.0665969948219508	0.028520677897174	-753.400937194627
95	115	0.00690243627363892	0.0487184453776966	-684.644022220144	0.00736785434276459	0.046181506341156	-683.274747477998
30	117	0.124696274279878	0.0249395629951957	-728.957137485947	0.0889578066622961	0.0263754449687803	-730.730591451942
10	107	0.57571249280747	0.010154196910235	-634.963367668109	0.554647708690623	0.0105897673868109	-636.940863345513
