"simNum"	"IVsNum"	"P_largestGroup"	"eff_largestGroup"	"eff_mean_minClass"	"sd_minClass"	"P_minClass"	"P_minClass_mean"	"eff_mean_maxClass"	"sd_maxClass"	"P_maxClass"	"P_maxClass_mean"	"corTest_1"	"CHVP_test"	"correct_factor"	"CHVP_test_correct"	"AIC_1"	"gamma_1"	"prop_1"
"1"	100	0.000281933868015007	0.0630575091979403	0.0578508153019633	0.016745066873756	0.000281933868015007	0.00081227947975035	0.0683595776767544	0.0204105377542235	0.00260042731412828	0.00114748111335594	0.999764655179306	0.690592312110926	0.687549385401414	0.540282366720797	-662.523897432918	"0.0630575091979403_0.0630643373888472"	"0.500000000000001_0.499999999999999"
"5"	113	0.993162683369703	-0.000196533795565467	-0.00677530846320646	0.0228832038595303	0.993162683369703	0.767715625349818	0.00593710445208357	0.0193054970742783	0.992143862703211	0.759007777916778	0.999787833375344	0.671120574232856	0.661867421959777	0.506163368450408	-714.991909311962	"-0.000196533795565467_-0.000190513825528085"	"0.500000000000005_0.499999999999995"
"3"	102	0.0347578046207404	0.0572724913914514	-0.0100814331748662	0.02993925195177	0.606496191839192	0.737019393431678	0.0509742976552408	0.0267620516480843	0.0347578046207404	0.0596610900720042	0.000836884290007722	0.128401861819815	0.924714765755423	0.116111970873513	-648.192147869794	"-0.0154695671524334_0.0572724913914514"	"0.499700280645887_0.500299719354113"
"2"	116	0.851396809128086	0.00522574635283712	0.0151201861934979	0.0278322662274093	0.851396809128086	0.588001566882369	0.0630962661820586	0.0293406586528418	0.01428233997306	0.0336114381409396	0.00125987672134276	0.235499833738685	0.971755846429829	0.228032153428878	-750.299135789003	"0.00522574635283712_0.0729974142283499"	"0.500242081884285_0.499757918115715"
"4"	111	0.912263513653226	0.00280002459544746	0.00755655498964675	0.0253538884023566	0.912263513653226	0.7662323798798	0.0592160880925914	0.0300013430442804	0.035035680075954	0.0509140174661045	0.00367207614710408	0.188453121637932	0.92783170871753	0.172378119497245	-710.620352361906	"0.00280002459544746_0.0640330850094786"	"0.500601921303883_0.499398078696117"
"7"	89	0.149997710302192	0.0276748183908493	0.0195981498966846	0.0190569543112472	0.149997710302192	0.306580664564065	0.0340290625019326	0.020374330461676	0.177662728599296	0.0984345797025654	0.99963913877754	0.604960765565674	0.649864226553542	0.436541807398471	-584.039857404192	"0.0276748183908493_0.0276859249615348"	"0.500000000000002_0.499999999999998"
"6"	102	0.0572320386106476	0.0382814959327462	0.0341697348502667	0.0199019232782699	0.0572320386106476	0.0890614889472599	0.0548992467503535	0.020334775462157	0.0106711644536909	0.00813632532551078	0.50465620051158	0.466279804268607	0.832048900637849	0.397354874542267	-663.995799189241	"0.0382814959327462_0.0529040433708612"	"0.500106310072137_0.499893689927863"
"9"	97	0.00514343131840488	0.0834182205363569	0.0223052319155536	0.0334117492048364	0.770260818163071	0.505999272318969	0.071020478598344	0.0291302053245902	0.00514343131840488	0.0166068740719449	0.00151197710669093	0.271773080357237	0.93484152592454	0.25270917872514	-626.247024276039	"0.00978498344568774_0.0834182205363569"	"0.499850197226996_0.500149802773004"
"8"	98	0.0702891375157654	0.0573165532240335	-0.0171098312418215	0.0353333789635106	0.456139534936745	0.629307197361787	0.0476430809396883	0.0313168880243565	0.0702891375157654	0.131432236317614	0.000368085328275036	0.170229523529436	0.876053143966135	0.144925540959249	-620.048557141293	"-0.0264370371262732_0.0573165532240335"	"0.49918227095446_0.50081772904554"
"10"	116	0.114767845136662	0.0396482887611756	0.0177673243689024	0.0249490743170725	0.114767845136662	0.477818123976629	0.0657810308237536	0.0364146381983165	0.278334053493114	0.0734640629538686	0.999485065197373	0.27671884707598	0.991938722298856	0.274331566365757	-723.011145745246	"0.0396482887611756_0.0396635585765633"	"0.500000000000003_0.499999999999997"
"12"	120	0.0733762411454613	0.0216560405231684	0.0217742324881915	0.0120796273720345	0.0755968795012748	0.073988637994128	0.0218827534829432	0.0119882172640869	0.0733762411454613	0.0704552592833062	0.999869521147532	0.994912252488138	0.632760049950918	0.963380967399043	-800.139782114404	"0.0216524869090228_0.0216560405231684"	"0.5_0.5"
"11"	119	0.975230797186879	-0.00073719019850825	0.00202079041210141	0.0236928233729606	0.975230797186879	0.932174396429437	0.0443836069209402	0.025587364652041	0.0668322851331185	0.0854245625991949	0.0143748978763587	0.22444026106931	1.17926813215906	0.270583742556225	-780.628837692338	"-0.00073719019850825_0.0473336386736658"	"0.500475065259348_0.499524934740652"
"13"	94	0.00123280513508357	0.113434375659448	-0.00481213873567984	0.0358359694072172	0.71638131870633	0.893469474187285	0.106632926117493	0.0340296914678201	0.00123280513508357	0.00231059457235219	3.75492706927716e-07	0.0241266719931918	0.678321151447106	0.0133986692007698	-575.695890495921	"-0.0130588805084903_0.113434375659448"	"0.499430931424018_0.500569068575982"
"14"	107	0.475879638273428	-0.022825335528005	-0.0220878108185344	0.0319017008365508	0.475879638273428	0.490218391820131	0.0702304607104095	0.0325209548982053	0.0288633074270508	0.0330621996387801	2.58475017358428e-05	0.0427148303089921	0.971390535743152	0.040899288803076	-666.848391919992	"-0.022825335528005_0.0720506073326267"	"0.500713473650611_0.499286526349389"
"16"	112	0.366188988841924	0.0171979684948255	0.0133187215999726	0.0189541271565824	0.366188988841924	0.48372508601012	0.0198373663778212	0.018563479221017	0.356109781037181	0.287557906997245	0.999857231909152	0.805910752442708	0.994567815312317	0.804030776362321	-714.253963643259	"0.0171979684948255_0.0172021687517235"	"0.5_0.5"
"15"	111	0.716386693256755	0.00952885157060477	-0.0139184177472163	0.029852152703508	0.750843059475408	0.641962114489344	0.03125552100798	0.0261617511725816	0.716386693256755	0.234772748900015	0.999080817578427	0.255093860862558	0.837330855697889	0.209713599687486	-692.643903294189	"0.00950264467918035_0.00952885157060477"	"0.499999999999969_0.500000000000031"
"17"	106	0.3516716554112	0.0227979093039408	0.00788033775780764	0.0243694742519215	0.3516716554112	0.74705878493026	0.0371816849912348	0.026789456823041	0.395172409136287	0.168098803685344	0.997216389239922	0.41846450835678	0.771488561228233	0.328951989417906	-684.414344401217	"0.0227979093039408_0.0228722099705683"	"0.500000000000335_0.499999999999665"
"19"	96	0.845907222565333	0.00344876874253776	-0.00151458426297326	0.0197654971801264	0.862268754213085	0.939080884627594	0.00833861122733352	0.0176973680191449	0.845907222565333	0.638593814534742	0.999630632575324	0.710346985246791	0.68220575224704	0.557504930188233	-633.292955117235	"0.00343836314295799_0.00344876874253776"	"0.499999999999998_0.500000000000002"
"18"	107	0.391745400384082	0.0181825644951041	0.0199056652971186	0.0211432095605622	0.391745400384082	0.348605505988063	0.0468160898362235	0.0231316184559022	0.036581686829708	0.0454960304574639	0.140357552814281	0.390506416259854	0.776916980437684	0.30675783396255	-692.23446488114	"0.0181825644951041_0.0489743939429966"	"0.500399835302186_0.499600164697814"
"21"	110	0.439484616413451	0.0122059578198331	0.00857990820120659	0.016894008590935	0.471816628318024	0.612572855152372	0.0142817008079085	0.0157312272852777	0.439484616413451	0.365956722239542	0.999707231524901	0.804908160306728	1.09785555024157	0.836111237587128	-719.387517189594	"0.0121981340809977_0.0122059578198331"	"0.5_0.500000000000001"
"20"	109	0.26618569595004	0.0224058635959015	0.0136107702513543	0.0206976637389384	0.281846465899541	0.51219474004666	0.0316699309184041	0.0200468405478302	0.26618569595004	0.117077901865024	0.999242486472917	0.530829006630195	1.13158185590801	0.582609012922032	-716.124940325317	"0.0223862663122287_0.0224058635959015"	"0.499999999999999_0.500000000000001"
"22"	106	3.23225380435384e-06	0.142120022094539	-0.0645659570757431	0.0394086189799417	0.0639409184911007	0.104337488390155	0.132428964852752	0.0288914540741685	3.23225380435384e-06	1.26503452172828e-05	0	5.54363346036748e-05	0.704209001744976	2.80461026997363e-05	-634.907486152855	"-0.0737866234755668_0.142120022094539"	"0.493341620510393_0.506658379489607"
"23"	115	0.0280111157601063	0.0463628528324726	-0.0356711756181554	0.0321568347546989	0.209460859969158	0.269640760171821	0.0414731720940477	0.0208320094967963	0.0280111157601063	0.0488909014761426	3.64269214407908e-05	0.0440696928357146	0.786418165854539	0.0310178316880971	-746.794118909082	"-0.0405876461985321_0.0463628528324726"	"0.496005750282441_0.503994249717559"
"24"	105	0.267237579903175	0.027199055238662	-0.0142430559098184	0.0272640718647258	0.539623440036179	0.602495117097065	0.0245688493143397	0.0243843978779286	0.267237579903175	0.316002166065523	0.0427130634299	0.288653118575839	0.710358314276143	0.200273495062613	-668.372616072405	"-0.0167787867254635_0.027199055238662"	"0.499570523254709_0.500429476745291"
"25"	116	0.169100111539974	0.0241734323026234	0.0147273621958778	0.019930742862235	0.22876651937691	0.461456886730201	0.0362600341466978	0.0174688945863503	0.169100111539974	0.0401519373005982	0.997680908956844	0.416522711507198	1.13483506342044	0.466029213170096	-763.081812140399	"0.0241158699675635_0.0241734323026234"	"0.499999999999131_0.500000000000869"
"26"	108	0.496436833001883	0.0187228361592455	0.0174201801666083	0.0274352217356516	0.496436833001883	0.526812042411906	0.0570837817448534	0.0263679724815611	0.0353714107511605	0.0326182754011233	0.0795902800391501	0.297249339519711	1.16066995262407	0.346753284912215	-698.661779730575	"0.0187228361592455_0.0561926029063841"	"0.500007836335334_0.499992163664666"
"27"	105	0.636170506796941	0.012199270162818	-0.00317625977973351	0.0257121993428282	0.636170506796941	0.901924866234235	0.0273772841649689	0.0267113267413155	0.646882399234961	0.307773511090022	0.997269890753546	0.409891812155481	0.944437239811955	0.388947487972678	-680.703941176839	"0.012199270162818_0.0122720561727106"	"0.500000000000096_0.499999999999904"
"29"	96	0.38251762471498	0.0169336820431822	0.0120604985016586	0.0202506581882039	0.405434867429003	0.552884846877568	0.0228836572505516	0.0193012564771398	0.38251762471498	0.238735589292481	0.999630467304207	0.698844947054527	0.923627080459458	0.666839270326521	-625.457578142565	"0.0169229609871503_0.0169336820431822"	"0.5_0.5"
"28"	101	0.780009955434129	0.00676866154817434	-0.00525197100019482	0.026436204502924	0.79969534237293	0.842927487229336	0.0171764955054618	0.0241686093292253	0.780009955434129	0.478927904614361	0.998439056570984	0.53120825315558	0.959568526906071	0.514383856500043	-648.742022308204	"0.00672583741865887_0.00676866154817434"	"0.499999999999984_0.500000000000016"
"30"	116	0.0368993189304941	0.0352871372817223	0.0276984427278622	0.0167122909954649	0.0368993189304941	0.100170430808046	0.0435596388465864	0.0208502778343149	0.0931832271537116	0.0388986120673686	0.999610308888678	0.55279580451965	0.799735560040884	0.464052062435369	-761.372990390282	"0.0352871372817223_0.0352972909637509"	"0.500000000000004_0.499999999999996"
"31"	108	0.24412762335711	0.02817325784983	0.0187475124236658	0.0216176303200025	0.195509058501069	0.387755314068624	0.0398169120179342	0.0240554294404604	0.24412762335711	0.100811127951933	0.999483804744697	0.514748092809752	0.69159445662	0.377516619693749	-697.81784984993	"0.0281590570779528_0.02817325784983"	"0.499999999999981_0.500000000000019"
"33"	117	0.0975232796076726	0.0331559258466734	0.0274154314563024	0.0198483072299419	0.0975232796076726	0.169857719313521	0.0399320968164825	0.0198837532104359	0.0979547052465367	0.0469370030046742	0.999371454233296	0.655947586619534	1.37022410789493	0.782123340789908	-763.677094926465	"0.0331559258466734_0.0331719303173088"	"0.5_0.5"
"32"	92	0.487712131717291	-0.0211703900292685	-0.0133189385420569	0.03038286319212	0.487712131717291	0.66215693939077	0.0631111464210634	0.0354501975246756	0.0530251724562781	0.0783683828727652	0.000343901502590338	0.10162742622026	0.865235294769856	0.0838170776739934	-565.877003969698	"-0.0211703900292685_0.0694913570432778"	"0.503179085904015_0.496820914095985"
"34"	121	0.472511475308845	-0.0225964110247399	-0.00991466040840424	0.0313545376403867	0.472511475308845	0.752391462040529	0.0827405745899873	0.0318647168491528	0.00320466798371295	0.0105910434095664	1.13639093690665e-08	0.0382068742775732	0.750575305316935	0.0250246277847007	-766.861134705875	"-0.0225964110247399_0.0958489969548545"	"0.500587774291375_0.499412225708625"
"35"	95	0.0337279820030136	0.0493106429019834	0.0210159347287516	0.0255462889033702	0.289740104834661	0.412782857014345	0.0571628959154191	0.0228834253243652	0.0337279820030136	0.0142269349481471	0.412575910349033	0.291906502692604	1.10444460687707	0.323825408620168	-611.639801642285	"0.0271990713356009_0.0493106429019834"	"0.499314846990065_0.500685153009935"
"36"	123	0.0629500658837336	0.0283585269034744	0.0264254493268145	0.0154771869607341	0.0693799983883742	0.0902950064600336	0.0302041647830594	0.0151109613902346	0.0629500658837336	0.0478501938248396	0.999873749955375	0.861321066993776	0.623976453445112	0.698329378360427	-787.802491261089	"0.0283552962316467_0.0283585269034744"	"0.499999999999998_0.500000000000002"
"39"	97	0.00835592245805684	0.0360277750630748	0.035868336885931	0.0134816335153225	0.00885574324123824	0.00914458345206775	0.0361598563888873	0.0133780253023626	0.00835592245805684	0.00812903714666222	0.999907570424472	0.987753784459587	1.1093937603507	0.992558865688373	-647.229817883383	"0.0360247876196125_0.0360277750630748"	"0.5_0.5"
"38"	117	0.831051870728802	-0.00613232458069569	0.0036079351691699	0.0286779604918138	0.831051870728802	0.900101193141127	0.0702406301850517	0.0359020948685094	0.0253411441549843	0.0528155804114088	1.15269019260733e-05	0.147025398614244	1.32352059788858	0.209354079129033	-739.874394960915	"-0.00613232458069569_0.0813341766037948"	"0.50075241562384_0.49924758437616"
"37"	108	0.0173504370455691	0.0726463188152873	-0.0484810393849044	0.0371745381580832	0.115705159401988	0.194982169740796	0.0641234567895102	0.0300591716759183	0.0173504370455691	0.0351906414654633	3.78264841671694e-09	0.0185026576463148	0.82785214789596	0.0137220039108057	-670.25317312031	"-0.0589563838528874_0.0726463188152873"	"0.497185403204769_0.502814596795231"
"40"	106	0.351363970926236	-0.0285713933422923	-0.0130148693943015	0.0305213656522085	0.351363970926236	0.670676009926465	0.0553095606642212	0.0305098481106875	0.0220883875356497	0.0727132353714582	2.63837522740396e-06	0.11337321234731	0.494763250174434	0.0464293668420235	-680.971649975434	"-0.0285713933422923_0.0708845541732435"	"0.500165578972188_0.499834421027812"
"41"	97	0.010383403519343	0.0867270581938626	0.00236114390383618	0.0358468653480876	0.596623004472683	0.947620280124551	0.0656381207497074	0.0331747157194545	0.010383403519343	0.0507314379798653	3.64644348671561e-06	0.195134251282481	0.796487077036036	0.14920179167226	-620.182132129395	"-0.0190358358998528_0.0867270581938626"	"0.499985725396714_0.500014274603286"
"44"	90	0.00298792104574332	0.078276378868051	0.0448153001102493	0.0310950957479588	0.174053260985947	0.153027915053025	0.0762646231059398	0.0256395716536573	0.00298792104574332	0.00377693057817188	0.130874621444011	0.435195747088818	0.512721248663365	0.232091835241263	-583.089759171791	"0.0426082709731589_0.078276378868051"	"0.499913068742939_0.500086931257061"
"42"	113	0.527438173252996	-0.0150297714823963	-0.0103689916414409	0.0237099798919764	0.527438173252996	0.662717020778738	0.0586062003745908	0.0309102164296569	0.0414996477321043	0.0605351242491034	0.000156363487845201	0.0766318979411701	0.7194989843439	0.0488783742229401	-733.3692828485	"-0.0150297714823963_0.063743908341933"	"0.50170307480916_0.49829692519084"
"43"	111	0.530538249380928	-0.0201566166578379	-0.00843186831405131	0.0320365245818145	0.530538249380928	0.792892282093909	0.0562978944978483	0.0345003634001827	0.0479391343170707	0.105580082143089	2.10248952625669e-05	0.169174356956834	0.882405701521165	0.145266872301294	-703.275760213643	"-0.0201566166578379_0.0690087573870522"	"0.500236305326095_0.499763694673905"
"46"	110	0.0357526042835094	0.0641702967440074	0.00420876447936597	0.033092914843902	0.927185506548805	0.899032079081467	0.0565521271162019	0.0301822241666919	0.0357526042835094	0.0636514882868914	0.00104625762904709	0.242544634746825	0.668241442624676	0.154389687245876	-705.849971041658	"-0.00303124739183431_0.0641702967440074"	"0.499860814613688_0.500139185386312"
"45"	113	0.880536773885311	-0.00342120536496925	0.000162642580439956	0.0227123030143495	0.880536773885311	0.994299144873842	0.0380490361514761	0.0270640620361126	0.134897871760194	0.162525612938829	0.0389343002316105	0.28357936492752	0.913747657762889	0.257583928772907	-722.918068607144	"-0.00342120536496925_0.0407568427541502"	"0.500631232948092_0.499368767051908"
"47"	96	0.426211128957819	0.0155842618267683	0.0109315439772631	0.0195016458624212	0.426211128957819	0.576427579471822	0.0180824746986103	0.0189647322268527	0.412923805582367	0.34276720767303	0.999587714787963	0.792644740135086	1.02835903493012	0.802470288998312	-619.271073374427	"0.0155842618267683_0.0155960902500502"	"0.5_0.5"
"48"	90	0.0116981348631918	0.06561413040722	0.0319672016793539	0.0268980061335319	0.126013453317709	0.237813875826648	0.0741837675194329	0.025488658119308	0.0116981348631918	0.00455898841050754	0.331312074239679	0.254597789957048	0.749592668694953	0.185103504958623	-561.084507776386	"0.0415442226062969_0.06561413040722"	"0.498908560234039_0.501091439765961"
"49"	104	0.000593979913597869	0.102530755909683	0.014439779721087	0.0370230779776755	0.784073622183909	0.697326347444447	0.0971003258778266	0.0289303147860336	0.000593979913597869	0.0011071101368466	4.17988058054597e-05	0.0785326525766976	1.05199209401734	0.0843007550601401	-665.98067011241	"0.0101713673347461_0.102530755909683"	"0.498950017623015_0.501049982376985"
"50"	112	0.000183866993461544	0.0754057880714693	0.0531017034914035	0.0216599760309452	0.0231612288444437	0.0157811327522591	0.0751922260507446	0.0194828070706272	0.000183866993461544	0.000191284844714945	0.221504012386794	0.448293302655788	0.749733020486375	0.345959689047349	-726.744194070881	"0.0498758652458907_0.0754057880714693"	"0.499840319461274_0.500159680538726"
"51"	124	0.146038399209569	0.0246351500937544	0.0190814943586081	0.0168396475493675	0.146038399209569	0.259363946174744	0.0300605014559123	0.0193417751496905	0.204975813257993	0.12271202523807	0.999564025239096	0.668570291936593	0.804252263100874	0.579883970614118	-819.13265643055	"0.0246351500937544_0.0246463271999668"	"0.500000000000003_0.499999999999997"
"52"	108	0.0925347753820327	0.0475108807436847	-0.00859144104907556	0.0346768473685071	0.893173855563965	0.804797037394703	0.0511710948374004	0.0279909833258006	0.0925347753820327	0.0703164565757506	0.0382996869764485	0.179907494575937	0.958025721185818	0.170861297100626	-664.238656137223	"-0.00466781794355236_0.0475108807436847"	"0.498482011004944_0.501517988995056"
"54"	116	0.0506131922099148	0.0491763146240723	0.0414713999007357	0.0176053274866723	0.00612073496855775	0.0201853241757434	0.0582475518367071	0.0248937988525864	0.0506131922099148	0.0210165672822734	0.999737846562903	0.582171504987893	1.12832511760063	0.632922193955055	-752.418437559221	"0.0491693714670812_0.0491763146240723"	"0.499999999999999_0.500000000000001"
"53"	114	0.997042165391913	0.000115213231216878	-0.00608489465443488	0.0310103528792299	0.997042165391913	0.844789332401441	0.0664025208608146	0.0302551565005501	0.0483059111642501	0.0302269745683763	0.00495795837078017	0.0943025513259669	0.866751991666674	0.0777918841639882	-714.073955492644	"0.000115213231216878_0.0603983925899301"	"0.500448050001474_0.499551949998526"
"56"	95	0.050210430805959	0.040567192648995	0.0331086426629444	0.0204506230726362	0.050210430805959	0.108807422902145	0.0488833224899356	0.0230559736140478	0.0816482736647307	0.0366226166994829	0.999545170788636	0.608755652800572	0.745256790556843	0.490696541786958	-622.900232947649	"0.040567192648995_0.0405802135672882"	"0.500000000000004_0.499999999999996"
"55"	110	0.0768168659356462	0.0477789094362848	-0.0114028693496413	0.0307777067583966	0.599112352224826	0.711735528836745	0.0438066569502372	0.026746122293818	0.0768168659356462	0.104332641100988	0.00229717606556834	0.175737812905211	0.782593750660898	0.130774443427817	-714.947546638845	"-0.016226618479153_0.0477789094362848"	"0.499748907144833_0.500251092855167"
"61"	118	0.000368161180199101	0.0448365799875673	0.0447226138326664	0.0122207768704948	0.000368161180199101	0.000380381628427592	0.0452279728984796	0.0123828186417115	0.000435019249100629	0.000389911625015961	0.999922001865984	0.976826797665305	1.30907066858905	0.99313947095625	-791.628508715694	"0.0448365799875673_0.0448388492533323"	"0.5_0.5"
"58"	104	0.131613897604675	0.0372919031088393	0.0274151585047193	0.0245087439566431	0.131562802508107	0.265918453221273	0.04771457767835	0.0245366571575494	0.131613897604675	0.05454737993467	0.998635155741748	0.558326331577425	0.809444566061997	0.473911462540836	-676.595528833411	"0.03725446534905_0.0372919031088393"	"0.499999999999982_0.500000000000018"
"57"	110	0.566970523538281	0.0186899348746086	0.0234594073796526	0.0325457363082151	0.566970523538281	0.472567358004699	0.0758894831126916	0.030837697065177	0.00831790300002032	0.0154266758470702	0.00376979228189467	0.242243591859522	0.862599490237493	0.205327938693533	-699.169076822435	"0.0186899348746086_0.0828893430603497"	"0.500032393927854_0.499967606072146"
"59"	101	0.0595456343531538	0.0531315896093928	0.0374776318890411	0.0287191468940256	0.0677203998144559	0.194897911523995	0.068532186495704	0.0278786241124589	0.0595456343531538	0.0156814248423639	0.996650017606764	0.437821391100729	0.682800476361905	0.308388467954376	-645.351579017642	"0.0530410354706173_0.0531315896093928"	"0.499999999999744_0.500000000000256"
"60"	115	0.635880145512453	-0.0122499559593001	-0.0109439497881678	0.0258034778437968	0.635880145512453	0.672272514261564	0.0832401420633024	0.0328555296295676	0.0123437267572784	0.0126505913851812	1.35647940027184e-05	0.0241674671407671	0.886118128966806	0.0200078078317463	-723.345225483041	"-0.0122499559593001_0.0835388298299466"	"0.501272478107388_0.498727521892613"
"63"	101	0.583417327524217	-0.0155888813187276	-0.000417999144215513	0.0283337380375299	0.583417327524217	0.988258868531856	0.0480510897683992	0.0328886628680936	0.0574961344395669	0.147144205862439	0.000256517915294463	0.264194854066059	0.680698893499359	0.173292249759761	-650.877425949127	"-0.0155888813187276_0.0632006462316179"	"0.500315523679221_0.499684476320779"
"64"	96	0.181178345949942	0.0346303676237707	0.0204107882493508	0.0273671341297479	0.210750866933524	0.457621320955704	0.0469433293308649	0.0257088809782528	0.181178345949942	0.070997944722667	0.994781344153722	0.479804932925352	0.859637897673358	0.421817154832915	-621.996647464556	"0.0344829649168932_0.0346303676237707"	"0.499999999997844_0.500000000002156"
"65"	110	0.582164024779335	0.011267879352764	0.0174422931124556	0.0204174648418984	0.582164024779335	0.394821859669812	0.0675211293798223	0.0281777927014667	0.00859623343525525	0.0182666170720036	0.00344978708961552	0.150107048831498	1.04994578710765	0.159554128960645	-702.925494899633	"0.011267879352764_0.0754085742165893"	"0.505349376919169_0.494650623080831"
"66"	104	0.592453521872377	0.0185670512383337	0.00468508939826147	0.0281641240276752	0.51137532566614	0.868207984347604	0.0341091369668881	0.0345781130168884	0.592453521872377	0.326230192402918	0.999760534268076	0.509394290486437	0.637753245797103	0.346793935653991	-645.715760463023	"0.0185597625429247_0.0185670512383337"	"0.499999999999996_0.500000000000004"
"62"	114	0.148183073941389	0.0414112708935176	0.0304033831453474	0.0284430561777331	0.148183073941389	0.287383326097911	0.0886525833464208	0.0313642425022302	0.0133659857989673	0.00556599463941693	0.108277540690251	0.168905098026781	0.857893449255902	0.140149623792837	-720.453613299803	"0.0414112708935176_0.0788316126918448"	"0.500467041960572_0.499532958039428"
"67"	94	0.0583421414597234	0.0440956161186105	0.032097133517063	0.023005618104869	0.0583421414597234	0.166282442317047	0.0596546261962362	0.0275374242401174	0.112619446940486	0.0328440547961036	0.999662201946184	0.442494160914337	0.662949675906127	0.303617081657707	-587.698425489846	"0.0440956161186105_0.0441059397995335"	"0.500000000000011_0.499999999999989"
"69"	97	0.0146298068301445	0.036255029294154	0.034185296520293	0.0161680925467161	0.0272560131253696	0.037074866009381	0.0387412450520875	0.0145810920468745	0.0146298068301445	0.00923546366060719	0.999857344834584	0.834246654637868	1.15025367359486	0.87635882949386	-651.859131637748	"0.0362506710857548_0.036255029294154"	"0.5_0.5"
"68"	114	0.0196679550901614	0.0387560845138722	0.0345812093730031	0.0169332908241081	0.023991526306316	0.0434593639416192	0.0435817493218555	0.0163782019024741	0.0196679550901614	0.00892609733023451	0.999588480117452	0.702418421438828	0.830583036412399	0.627600259392063	-748.643699418376	"0.0387451114677238_0.0387560845138722"	"0.499999999999999_0.500000000000001"
"71"	111	0.0480119297664664	0.0345931898477543	0.0278293383583374	0.0197919132393852	0.0833959068401281	0.162514049099474	0.0405574364662787	0.0173003228281932	0.0480119297664664	0.0208568339026199	0.999506615324703	0.628249390932925	0.679652839408771	0.474623244726988	-731.278764465117	"0.0345801599031153_0.0345931898477543"	"0.499999999999998_0.500000000000002"
"70"	93	0.189734832742875	0.0413601470200405	0.0190568923250272	0.0313066687289719	0.189734832742875	0.544212323130786	0.0661630433263009	0.0336571842698224	0.221441406243879	0.0523377500345003	0.997566742662141	0.305460196795469	0.921626680702994	0.28061972550567	-586.063623836337	"0.0413601470200405_0.0414337337063211"	"0.500000000000001_0.499999999999999"
"74"	91	0.00626295255820898	0.050246545683046	0.0468235472787935	0.0181909116888457	0.00696693123347954	0.0116867775979725	0.0523389258781235	0.0179486285208345	0.00626295255820898	0.00447428148255366	0.999811897725025	0.829125634138997	0.90347478017059	0.794888089311497	-601.917794155207	"0.0502406125843532_0.050246545683046"	"0.5_0.5"
"72"	122	0.0571297204023208	0.0386718203952997	0.0305575170009855	0.0212892112290207	0.0721318636565584	0.153766687349154	0.048670273341901	0.0201348288644235	0.0571297204023208	0.0171318662736043	0.997978389641872	0.536490870237588	1.12082848621182	0.584270824623686	-796.201538260068	"0.0386218955770537_0.0386718203952997"	"0.499999999999821_0.500000000000179"
"73"	120	0.143412979330108	0.0274238281337559	0.0216325756035952	0.0186186936022939	0.143412979330108	0.247611707637584	0.0335468767151128	0.020153639361272	0.175837629356051	0.0986321612749184	0.999174146272704	0.664120158946068	0.815055751168972	0.58073478857484	-779.422455225182	"0.0274238281337559_0.0274449630863944"	"0.500000000000008_0.499999999999992"
"76"	131	0.0825370535490694	0.0253076891029751	0.0194790230470112	0.0179281253555831	0.16062887620396	0.2792655135636	0.0303535021010918	0.0144643632990148	0.0825370535490694	0.0377957671640712	0.999551412857997	0.636873787643075	0.768545114540204	0.530053752481697	-867.35544593483	"0.0252968513639368_0.0253076891029751"	"0.499999999999994_0.500000000000006"
"75"	107	0.0058226971794876	0.0840957315406294	-0.00310021775982282	0.032577577592463	0.592934646465626	0.92436410776881	0.0701712954501237	0.0298780062078561	0.0058226971794876	0.0206988346488014	1.48653139842025e-06	0.0974029860618961	0.805111128246843	0.0729469945394289	-691.810965883446	"-0.0174685299860983_0.0840957315406294"	"0.499713224105846_0.500286775894154"
"77"	108	0.00647756458675857	0.0376893522648769	0.0361351499813766	0.0142804447021517	0.00955551138407485	0.0128489913500695	0.0378042769901225	0.0135715682345474	0.00647756458675857	0.00632207027676683	0.999907606319122	0.932480702957295	0.831665008856848	0.891572551261515	-711.875302018051	"0.0376865845533606_0.0376893522648769"	"0.5_0.5"
"78"	124	0.0362946986597184	0.054341615445978	0.018970774234949	0.0252220209999171	0.552420894030507	0.453397060799647	0.0508462861931744	0.0256720298436228	0.0362946986597184	0.0498666533492715	0.0427864267953098	0.37577753063748	0.810703112448339	0.306653953638338	-805.311794395311	"0.0150266255753214_0.054341615445978"	"0.499999406445619_0.500000593554381"
"79"	110	0.000514502113880097	0.0831667268192235	0.0137353390373098	0.037004992658416	0.961929143391439	0.711227431707683	0.0742510879517506	0.0232308456578574	0.000514502113880097	0.00182200045516175	0.000211823631220964	0.166041804670018	0.997457242636483	0.16552474622228	-684.339912983655	"0.00177041938026173_0.0831667268192235"	"0.490963307807235_0.509036692192765"
"80"	125	0.0811394971355589	0.0459746086107463	0.0256894082930051	0.0261450861292585	0.0811394971355589	0.327731783953398	0.0670301709498095	0.0319473850816477	0.152264043501284	0.0379222862598423	0.998317900108047	0.316621767536418	1.0834048616508	0.343430110689249	-809.149850039397	"0.0459746086107463_0.0460181879821703"	"0.500000000000211_0.499999999999789"
"82"	107	0.191076551726399	0.0278914928153111	0.00454456871261218	0.0269802658723327	0.702433264389056	0.866557753528497	0.0327828805444839	0.0211972062622336	0.191076551726399	0.124948362564853	0.401409392180786	0.410504347774444	0.944254053798612	0.389474288749512	-696.27851134273	"0.0103353936549152_0.0278914928153111"	"0.499964055359244_0.500035944640756"
"81"	118	0.00361012324371574	0.0699160817804035	0.0130781037384763	0.0290547807721189	0.78681786913919	0.653457669130359	0.0651105743572861	0.0235378371062436	0.00361012324371574	0.00659292908477001	0.00278137644307797	0.164068980295019	1.23416194842995	0.212511542251172	-746.764996059615	"0.00787576522885433_0.0699160817804035"	"0.497864960349154_0.502135039650846"
"83"	105	0.315377234024377	0.0170424244192865	0.0126184014039811	0.0168925432254994	0.315377234024377	0.456760753098981	0.021320655303934	0.0182550590385913	0.352490816998501	0.245504994777021	0.999758051584933	0.726425219948701	0.672918798742533	0.568955202013413	-687.940973252317	"0.0170424244192865_0.0170493919003841"	"0.500000000000001_0.499999999999999"
"84"	108	0.187758533212954	0.0336911285959206	-0.00697789836150976	0.0276996330205214	0.59814442025913	0.801591517035549	0.0274150765080715	0.025413612628406	0.187758533212954	0.283122521418135	0.0231028247214606	0.360237071619622	0.893300005202118	0.322589579641253	-692.468456213126	"-0.0146433592407225_0.0336911285959206"	"0.499878634298069_0.500121365701931"
"87"	108	0.454645937111265	0.0111216404113462	0.00489308489917765	0.0148204598552387	0.454645937111265	0.741926551230436	0.0172702709955359	0.0212730395787127	0.601970700705401	0.418686735739697	0.999748890884132	0.633081970746428	0.606495726113017	0.437827571330209	-717.514070741612	"0.0111216404113462_0.011128403974958"	"0.500000000000002_0.499999999999998"
"85"	105	0.142176794792468	0.0565690035868454	-0.0126998382857945	0.0406681828536154	0.727797492398245	0.755453401331657	0.0553420058731386	0.0382494898454426	0.142176794792468	0.150940993094061	0.0021409816466984	0.222940904360982	0.681931903659548	0.143922741593889	-653.520417113954	"-0.0141930554497897_0.0565690035868454"	"0.499885950160314_0.500114049839686"
"86"	111	0.0310145920292152	0.0506472976516682	-0.0210358610112735	0.0281722478304872	0.423362727591107	0.456845277042322	0.0489532889684642	0.0231801737067777	0.0310145920292152	0.0369622499555879	0.00111319185270986	0.0550585324447192	0.765803689488033	0.0376398828528433	-697.956438939602	"-0.0226391414460412_0.0506472976516682"	"0.493582436275404_0.506417563724596"
"88"	120	0.579323641816163	0.0111426562469605	0.0070967586030965	0.0200443922005583	0.579323641816163	0.723926415512644	0.0366766809712154	0.0251796934730148	0.175738512797705	0.147861016568891	0.226831587468923	0.358046105146067	1.11651594109234	0.398028009391257	-778.29332582997	"0.0111426562469605_0.0342973067516536"	"0.500076041003024_0.499923958996976"
"89"	119	0.108786310593524	0.0505842872228323	0.00402820263228724	0.0297147275403809	0.890980448110798	0.892398141077983	0.051666788494981	0.0313040775565107	0.108786310593524	0.101503836322152	0.0256550854370401	0.269710232094355	0.771744036564018	0.203455267612684	-762.362769822252	"0.00408161128537636_0.0505842872228323"	"0.499871853516046_0.500128146483954"
"90"	118	0.0655279298305737	0.0430940258244585	0.0259682132571772	0.0263909279102422	0.105455623809494	0.327154512904557	0.0570668013896223	0.023180260136433	0.0655279298305737	0.0152794732022617	0.9987105903472	0.37596533645831	0.677144658800712	0.256534091888383	-738.698375988848	"0.0430590605790018_0.0430940258244585"	"0.499999999999986_0.500000000000014"
"92"	104	0.0409750457221057	0.0434265001628005	0.0358434039548411	0.0243874051728565	0.0780456271969605	0.144677294983525	0.0516608893267217	0.0209811946960284	0.0409750457221057	0.0154663653432094	0.999275051396042	0.622950427996144	0.647872699327044	0.452057701270831	-660.232505276129	"0.043406504070557_0.0434265001628005"	"0.499999999999999_0.500000000000001"
"91"	116	0.876604814701685	-0.00458288749898428	0.000106672511391461	0.0294490804574212	0.876604814701685	0.997116129342685	0.0648935468677369	0.0322332074845344	0.0352429860144235	0.0464235975124986	0.000542498954787307	0.137840011774869	0.894371032859325	0.119650858778162	-736.722676456761	"-0.00458288749898428_0.068679735882054"	"0.500907171470546_0.499092828529454"
"93"	116	0.266679038270784	0.0337301230097901	0.0181015161964658	0.0302197038349812	0.266679038270784	0.550352945427276	0.0492499997567972	0.032242247384169	0.297334464868563	0.12938280255077	0.999124450707418	0.480891368850819	1.02215754326777	0.489690343609618	-730.65858035393	"0.0337301230097901_0.0337548740504986"	"0.500000000000004_0.499999999999996"
"95"	83	0.154662481999137	0.0257849199241887	0.0205354986672448	0.0179497323991187	0.154662481999137	0.255929134230916	0.0299720262859868	0.0196147776737639	0.192154012242759	0.130352776321384	0.999685618661295	0.722653932849052	0.815581669083615	0.641389507237267	-552.673496815004	"0.0257849199241887_0.0257946948724022"	"0.500000000000002_0.499999999999998"
"94"	116	0.776530643803361	0.00848350728824827	-0.0112653435984025	0.0298178746995275	0.776530643803361	0.70627183555998	0.0286053188436448	0.0307647286940744	0.782588219973236	0.354417707915882	0.999108236310872	0.352055599270075	0.932311644571324	0.32858966444054	-716.12037925759	"0.00848350728824827_0.00850934564661583"	"0.500000000000003_0.499999999999997"
"97"	115	0.771896775709755	-0.00864929683904156	-0.00142460200635115	0.0297651284961115	0.771896775709755	0.961910416124405	0.066055710906404	0.0349173415187387	0.0410636637364785	0.061058378171319	0.00015337628576062	0.141364931987932	0.696678335681592	0.089975319223122	-719.25022912114	"-0.00864929683904156_0.0721504880547091"	"0.500774980064899_0.499225019935101"
"96"	115	0.250930361542237	-0.0434667844310258	-0.029896091717271	0.0376675216836634	0.250930361542237	0.429028626703501	0.0690732064274762	0.0367014708682139	0.0235486499980829	0.062382154445646	5.74684433374273e-09	0.059855238207903	1.05092384981686	0.064323949731104	-722.731592364842	"-0.0434667844310258_0.0842386658762959"	"0.500384881403685_0.499615118596315"
"98"	115	0.0149128996475652	0.0391845091793329	0.0351543722166782	0.0158512920613811	0.0149128996475652	0.0285537632882394	0.0433090357380612	0.0191338630201878	0.0428110126095948	0.0254988726956951	0.999606500437203	0.742763104389549	0.953059766393145	0.724184895195978	-746.163511768806	"0.0391845091793329_0.0391950697168181"	"0.500000000000004_0.499999999999996"
"99"	101	0.468640249349883	0.0131607525229311	0.018609002992369	0.0180912245481934	0.468640249349883	0.306139667811533	0.0594032815153111	0.0315341958113885	0.0441019278762786	0.0625007714277192	0.0186759747300338	0.261818174591821	0.929520015348315	0.2417335706591	-652.941427288015	"0.0131607525229311_0.064294038082112"	"0.503522510339827_0.496477489660173"
"100"	126	0.528564409565526	0.0137000071287628	0.00658706603693218	0.0216784545104685	0.528564409565526	0.761744999447886	0.0342355843889648	0.0231093111422708	0.241373618617949	0.14099973367788	0.483310911736352	0.382891286929851	1.31413779275846	0.490880003868307	-837.843841986157	"0.0137000071287628_0.0272030436565012"	"0.500000792466554_0.499999207533446"
