simNum	IVsNum	plei_test	P	eff
61	91	0.206	1.23892593237003e-14	0.146844186280401	
33	94	0.463	1.13457970285605e-21	0.190507563447005	
55	97	0.002	5.06056080397678e-14	0.163159833237628	
73	98	0.644	2.72595755548771e-16	0.139597121159997	
49	91	0.029	9.28211074880844e-13	0.137142738170361	
29	94	0.625	8.57900346933502e-20	0.170122921661214	
1	102	0.366	3.51181499064681e-17	0.142601471560857	
65	98	0.193	8.00006365372041e-19	0.171052340600594	
67	100	0.76	9.59401019395337e-17	0.134670257873845	
83	96	0.071	1.40081757414542e-15	0.15744636431556	
89	103	0.818	3.08872324795928e-23	0.171658952185096	
69	102	0.61	3.78882122574461e-17	0.143931743659806	
91	101	0.973	6.09033900712361e-22	0.148918523972989	
57	100	0.426	8.60259133386016e-17	0.147356290761807	
11	103	0.881	1.96239512344702e-25	0.18326223297803	
17	107	0.969	3.1420861651254e-21	0.149293120106789	
99	100	0.499	9.9038277265252e-17	0.147484091605296	
23	105	0.249	3.42403175867487e-15	0.136140524816943	
93	109	0.66	1.78980941139223e-20	0.151275696230599	
7	107	0.952	1.05663155793757e-23	0.164663521951848	
53	102	0.393	1.5587298959858e-15	0.134603694151138	
15	105	0.827	8.46001180036379e-20	0.14884939632963	
41	101	0.282	7.13318751857968e-15	0.13528327637181	
43	100	0.198	2.29790465678755e-17	0.158573458556424	
79	108	0.977	9.61455572855132e-28	0.17550448675417	
13	110	0.477	3.28951013608355e-19	0.154963552899474	
75	103	0.02	3.7305337392109e-15	0.148596839080885	
59	110	0.748	1.84573416143362e-20	0.14869979620419	
25	102	0.263	1.40838296880662e-18	0.158761643458151	
85	107	0.008	1.51099646405734e-12	0.133599276897803	
37	106	0.435	7.73053458705748e-21	0.165658501357207	
3	114	0.7	2.82567684590804e-24	0.16624178813506	
21	107	0.92	1.29595826821989e-24	0.170425871051241	
35	110	0.549	1.30919602394263e-20	0.156250553425141	
97	113	0.552	1.42625463407166e-22	0.162022532076499	
39	115	0.995	5.47585104090849e-31	0.173548165152448	
27	111	0.069	1.00908787717493e-15	0.138923069937179	
95	111	0.655	3.45924043467985e-21	0.157376429800554	
77	110	0.272	1.41835746220319e-21	0.174440131909541	
87	111	0.621	1.2496920205834e-15	0.121597707144932	
63	114	0.36	5.65550986416347e-25	0.182095346601636	
71	118	0.079	3.19198229688761e-20	0.159416700517236	
81	113	0.942	1.55140538879157e-25	0.168916054878524	
47	121	0.265	1.56839196521832e-23	0.17803548849114	
19	118	0.66	2.46446424565154e-21	0.153022680410233	
9	121	0.079	3.82236797199833e-17	0.140781508752818	
31	117	0.172	1.20702555048608e-17	0.148268980046862	
51	125	0.765	2.1500793633999e-25	0.162514650846554	
5	124	0.697	8.94934678470084e-23	0.151380104396599	
45	126	0.087	1.46568457148136e-20	0.158027155779871	
92	84	0.101	1.14449255888887e-13	0.15157561751727	
74	94	0.924	7.05587986658635e-19	0.153643899556996	
36	80	0.074	1.47891202810732e-10	0.134520052082195	
30	94	0.645	1.0116689535247e-16	0.145982033669113	
50	97	0.295	1.18880494461251e-14	0.143259755066269	
34	101	0.785	3.96590403199714e-20	0.154344263568061	
62	110	0.292	1.68681909201001e-20	0.171920587012889	
4	92	0.344	5.08842064853698e-14	0.138542688587556	
44	95	0.091	2.5058712323246e-12	0.135174447660525	
42	97	0.891	1.40512587524636e-19	0.15128058548006	
8	97	0.261	1.40868884180682e-13	0.130821819900779	
56	110	0.223	7.52057407113763e-17	0.139741326328675	
14	101	0.661	2.44958275256564e-16	0.138391343862162	
40	99	0.656	2.84844525743252e-20	0.166387895782154	
26	98	0.141	8.8979165195634e-17	0.161651406261753	
18	108	0.813	3.0692163328698e-23	0.164864539687539	
90	111	0.547	4.95479012570431e-21	0.159322802952625	
2	112	0.932	4.13520726236945e-25	0.172898653207846	
38	104	0.528	4.8103010769573e-16	0.131851617205691	
66	112	0.806	7.56357268633146e-22	0.156838153027778	
76	103	0.557	6.30456885438111e-19	0.153043104759551	
64	102	0.665	5.50915403509858e-22	0.167067446589941	
100	111	0.306	3.10215632110305e-20	0.160081887982386	
82	95	0.862	2.0621661338009e-20	0.157198562956128	
60	108	0.786	7.06451809738543e-19	0.14032117927865	
58	111	0.912	1.584406325586e-22	0.155741705272858	
86	107	0.323	9.41944223228192e-20	0.163969094894005	
80	110	0.652	3.87335741574328e-20	0.147508499200764	
68	118	0.806	2.0519570586986e-23	0.156814493788723	
16	116	0.032	3.88995590158096e-14	0.131184691283259	
54	113	0.898	3.1668209990053e-18	0.125726456481596	
84	121	0.987	8.72409552868591e-27	0.160672611995377	
6	99	0.161	4.09290649196529e-16	0.153871789740332	
88	108	0.702	1.20345577906996e-20	0.156384526024555	
20	105	0.133	6.76331268894137e-17	0.147804526872286	
48	104	0.859	1.48909103012152e-21	0.158572899443679	
96	110	0.392	1.08053620932099e-22	0.17371716074834	
94	118	0.123	8.92508639969762e-21	0.157961573828927	
10	103	0.401	8.91881509000239e-18	0.149724972163713	
24	122	0.533	2.02794527285453e-18	0.134337365143466	
32	104	0.189	7.38395856833891e-19	0.170162817520732	
28	120	0.675	5.34745992795519e-23	0.159573531330144	
22	120	0.741	3.41833076670437e-26	0.16656047397698	
98	118	0.391	1.37694382807092e-18	0.144365410773231	
12	127	0.208	1.59817662937041e-18	0.141068245470674	
78	122	0.086	1.24185686323264e-20	0.160819956841867	
70	125	0.325	3.78925428562286e-22	0.153729893148365	
52	113	0.768	3.49681574714071e-19	0.139945084104778	
46	112	0.543	1.6219149589728e-21	0.162933840135131	
72	123	0.536	7.38703712679647e-26	0.172517732655246	
