simNum	IVsNum	P_random	eff_random	AIC_random	P_fixed	eff_fixed	AIC_fixed
31	112	0.338364793152895	0.0152704806429145	-709.15486968311	0.338364793152895	0.0152704806429145	-711.15486968311
11	112	0.000458584900257718	0.0528343958457383	-709.894228553765	0.000458584900299562	0.0528343958457383	-711.894228553765
81	106	0.0485996417475738	0.028132153430918	-709.405919988165	0.0485996417475738	0.028132153430918	-711.405919988165
46	103	0.161203196570248	-0.0209639806549288	-663.958265213246	0.161203196567474	-0.0209639806549288	-665.958265213246
96	116	0.737882197861395	-0.00522268580814532	-715.787164568683	0.737882197861395	-0.00522268580814532	-717.787164568683
71	114	0.849558579766872	0.00318470255137273	-716.923863077082	0.849558579766872	0.00318470255137273	-718.923863077082
16	103	0.562327123520689	0.00903704281090104	-655.047580493834	0.556214879516728	0.00853699615846076	-655.470660416021
26	108	0.455150340246269	0.0120246910241965	-691.917610656233	0.613699388333749	0.00802902487028123	-692.495258643833
61	107	0.155253441380229	0.0244667125198587	-663.40455043148	0.155253441380229	0.0244667125198587	-665.40455043148
51	112	0.0637280992412937	0.0312879964959413	-693.939074700704	0.0643022843722621	0.0300843878317265	-694.814167323496
66	114	0.0884117743731909	0.0247700656861691	-734.795835577595	0.0876108025790078	0.0244053970628571	-736.433341671365
56	133	0.278239887596976	0.0137403526735402	-858.366141959192	0.278239887596976	0.0137403526735402	-860.366141959192
91	117	0.301341811576352	0.0142265991899843	-766.721116301564	0.301341811576352	0.0142265991899843	-768.721116301564
86	100	0.311479453372201	0.0151669892687391	-631.561533408126	0.316070610069302	0.0147759718980913	-633.229016692327
36	118	0.699779177503186	0.00604858200818287	-716.880068964728	0.699779193506744	0.00604857709313145	-718.880068949651
12	108	0.189821284360284	0.0183354472027852	-698.050884331135	0.18847409727928	0.0179105091045586	-699.907524762893
41	93	0.00337755302065587	0.0546999505112983	-571.107987452731	0.00373912708427155	0.0521902982866539	-572.922942746199
47	100	0.117956612756525	0.0228566726993	-652.523517814971	0.117956612756525	0.0228566726993	-654.523517814971
82	85	0.00397294483078415	0.0441224581947529	-572.532606462588	0.00397294483078415	0.0441224581947529	-574.532606462588
17	116	0.000906079050378319	0.0482770889937242	-749.463537395671	0.000660560960212814	0.0485747228752942	-751.15510094886
97	104	0.927096356334484	0.00133428738286828	-673.516885808107	0.878898965171129	0.00213153075522345	-675.123485084966
67	96	0.0648045403161064	0.0300547087098327	-603.911729764281	0.0523432030233549	0.0303657684008367	-605.153970828406
52	92	0.222422311456418	0.020090864535451	-586.320473050553	0.275545265738261	0.0175683080985325	-587.636514870213
62	111	0.886348040125797	0.00222331950872491	-681.555367026371	0.886348064278091	0.00222331936242209	-683.555367026855
76	95	0.366234558630451	0.0150040595179985	-610.546084594355	0.326011579016459	0.0157832912336459	-612.350327092534
27	108	0.145775199189305	0.0240937421938303	-677.984123079394	0.169183630277576	0.022488919785779	-678.228181371757
1	93	0.922946760310456	-0.00154498022147934	-595.863415939091	0.977069709356798	-0.000442683853600406	-597.435303701332
87	111	0.840512214144105	0.00306296882226015	-711.273882224879	0.840512215691545	0.00306296824232893	-713.273882224598
37	117	0.821613371572962	-0.00318907372947471	-742.060255375305	0.821613371572962	-0.00318907372947471	-744.060255375305
13	115	0.59231092425167	-0.00746431245358379	-743.608815231821	0.59231092425167	-0.00746431245358379	-745.608815231821
42	111	0.646682222644833	0.00682171378560864	-708.950099532337	0.603535776520074	0.00748867992404461	-709.619310073598
48	116	0.8549814379071	-0.0027359645982181	-732.893820812722	0.8549814379071	-0.0027359645982181	-734.893820812722
57	138	0.0532721103113941	0.0285062214729178	-879.137110817918	0.0638641742065372	0.0270688565547186	-877.081863640914
72	100	0.75323065636773	0.0057172652641072	-614.707081074641	0.823969036513169	0.00391141766069541	-615.567131700374
83	108	0.305078042545036	0.0168250187315801	-671.259766634439	0.384245096247676	0.0131629374586722	-667.687335216346
68	102	0.644547031760845	-0.00702632513232308	-657.660321455122	0.644547031760845	-0.00702632513232308	-659.660321455122
98	115	0.0247165240604313	0.0337279503246689	-724.540240890111	0.0247165240604313	0.0337279503246689	-726.540240890111
32	100	0.651508198483813	0.00754206706854985	-627.709560044876	0.712458579466804	0.0059406041170091	-628.131669831974
92	107	0.634714150803742	-0.00674736457356782	-704.425181661201	0.634056842444194	-0.0066614451296617	-706.378995295907
18	114	0.842014290124545	0.00293686092139051	-728.413655783227	0.746051312432977	0.00460294904907876	-729.754091199795
77	104	0.73903983749451	-0.00595960087415806	-624.33210393058	0.73903989780119	-0.00595960091508589	-626.33210389957
28	120	0.0936938615291333	0.023251621975382	-761.046251775166	0.0936938615291333	0.023251621975382	-763.046251775166
6	105	0.660617869050499	0.0068098843545778	-659.908319707918	0.679700766526422	0.00627255300241072	-661.586646270132
38	87	0.686426211194391	0.00736094684154787	-549.858062049287	0.686426211194391	0.00736094684154787	-551.858062049287
2	100	0.951929420123879	-0.00108375460900629	-611.362891586385	0.813434561404464	-0.00411988954875733	-612.646066805061
43	90	0.161846445472991	0.0264303713030799	-543.398552497488	0.161846451445449	0.0264303719068822	-545.398552501442
14	105	0.070029039909365	0.0274322876524528	-671.628042761088	0.070029039909365	0.0274322876524528	-673.628042761088
88	114	0.0232203096741066	0.0369141608203398	-717.481683838396	0.0141991833856932	0.0380390440800978	-717.413351317108
99	108	0.161676433706781	0.0222523976926654	-687.430015219635	0.161676433706781	0.0222523976926654	-689.430015219635
84	117	0.285968046522733	0.0160759958313465	-755.387552159323	0.285968046522733	0.0160759958313465	-757.387552159323
58	106	0.011818290958863	0.0359885231610832	-692.22906181065	0.0118182909584837	0.0359885231610832	-694.22906181065
19	101	0.0794322569423756	0.026607679233038	-661.953230938957	0.0748782591893368	0.0264620599169478	-663.661439725753
33	86	0.112177921109781	0.033327271338543	-530.57388515121	0.177149298412183	0.0252990646705278	-531.859814969142
63	101	0.580936032174224	0.00923709442705985	-625.278177348942	0.578742126558009	0.00924332851614545	-627.265974659626
39	90	0.388283949983028	0.0153041367326378	-563.746298252281	0.388283949983028	0.0153041367326378	-565.746298252281
15	108	0.237507106982083	0.0172182654053503	-696.714941203907	0.237507106982083	0.0172182654053503	-698.714941203907
7	94	0.71722399839317	0.00617564248145249	-581.424050753534	0.717223992028346	0.00617564249859569	-583.424050756855
69	110	0.192856004690923	0.0239386775432888	-666.437252548666	0.192856016098163	0.0239386812837802	-668.437252517752
53	110	0.0822461652512827	0.0261439359161534	-678.980689974672	0.0806426482455584	0.0261439388854934	-680.980689974172
21	140	0.319485610305116	0.0138416114221312	-897.531000644497	0.263024166160216	0.0148857364330386	-895.770722128647
89	110	0.919548829723793	0.00140710668446305	-716.217930062099	0.919548829723793	0.00140710668446305	-718.217930062099
29	116	0.630274409328534	0.00762425695572973	-729.858252934082	0.630274409328534	0.00762425695572973	-731.858252934082
44	111	0.674832531567478	0.00653883411038229	-698.082364467863	0.593605003784167	0.00808918659654164	-698.065530716648
100	99	0.120857502957828	0.0233115483297803	-641.314274222336	0.111468265852149	0.0234482568572894	-643.289190036431
59	94	0.889920990841964	-0.00240511538646766	-591.789872369625	0.889920990841964	-0.00240511538646766	-593.789872369625
73	100	0.72897796299424	-0.00887281029986776	-575.5910658279	0.728977936074058	-0.0088728053500913	-577.591065857523
85	97	0.6264441695988	0.00802273259586046	-613.203233433056	0.661662905682226	0.00697723359568245	-614.249027587241
20	92	0.978776033283518	-0.000432004886509977	-588.224160021638	0.964628331576303	-0.000713803121090739	-590.201375274963
34	93	0.217143429101767	0.0219394154395208	-568.161926276496	0.21714342736697	0.0219394152373245	-570.161926287235
40	120	0.813618543182758	-0.00341640558748126	-766.98951059562	0.813618543182758	-0.00341640558748126	-768.98951059562
64	108	0.402430635133589	0.0141014855427218	-676.769412979488	0.40243064127328	0.0141014873283888	-678.769412989421
90	120	0.973182112562359	-0.000457904302872547	-784.158957266899	0.973182112562359	-0.000457904302872547	-786.158957266899
22	119	0.677501239581255	0.00722662580203327	-719.18942372174	0.676233973474284	0.0070735838881793	-715.487378687023
93	91	0.712191026545715	-0.00798535497229358	-540.863320490711	0.870829907490359	-0.00335734963518766	-540.941054385406
60	113	0.933151802329799	0.00129886947692795	-699.989065267517	0.933151797839803	0.00129887010180078	-701.989065268532
49	105	0.102303936348937	0.0284149856843149	-656.067034109234	0.0673773773077393	0.0294806393307486	-658.032689579921
78	107	0.0288445155451842	0.0393755799131376	-656.404915919043	0.0352063179129362	0.036542297234817	-657.565631766917
8	105	0.524386354695597	-0.0109990816704674	-640.780695689426	0.524386386609752	-0.0109990798774013	-642.780695682136
30	111	0.91354476550811	-0.00187755871863243	-690.691828098051	0.940698244522839	-0.00131167630197717	-690.100442574586
65	118	0.00700305925896968	0.0411373475969278	-755.785275644541	0.00434749704504138	0.0422173493311395	-754.661990298924
54	100	0.746218889618401	0.00497054348467909	-659.347835866874	0.76759969205452	0.00433324959509047	-660.364933774834
94	107	0.541149332459613	0.00857884299655645	-699.170739036011	0.541149332459613	0.00857884299655645	-701.170739036011
35	105	0.919216584281632	0.0015792821621976	-650.487267354923	0.919216579514848	0.00157928132163638	-652.48726735573
3	105	0.0730860773407315	0.0276371956103363	-672.011228013116	0.0735755177552409	0.0274709608173896	-673.973225148612
45	114	0.00608646411650797	0.0398184494541647	-742.095708015091	0.00274242844106473	0.0407958340326181	-743.786914479471
70	118	0.432276040690317	0.0125571502423481	-727.965177216185	0.457892044195116	0.0115349724663294	-729.560356153483
50	122	0.56462458094073	0.00847498640381823	-783.702496251214	0.659906060950578	0.0062961107198929	-784.233250517719
9	105	0.199343456493407	0.0206053112892883	-669.130764899148	0.180219503290805	0.0208686083109229	-670.35451083688
95	131	0.367372951072989	-0.0131633022465412	-829.884130440883	0.367372951072989	-0.0131633022465412	-831.884130440883
4	102	0.278109754016078	-0.0163496894887265	-667.690533465906	0.278109754016078	-0.0163496894887265	-669.690533465906
23	91	0.59324516173213	0.0172228674180103	-574.917647395545	0.342738481600988	0.0172228675914516	-576.917647396078
10	100	0.754538950112356	0.00496356167033663	-639.802827056674	0.754538950112356	0.00496356167033663	-641.802827056674
5	117	0.217367613408106	0.0176124017575551	-765.915021758417	0.215858951708903	0.0171732581768381	-767.714118535683
74	119	0.168670283095288	0.0219548756197321	-750.328389980377	0.135928440080691	0.0229991943064622	-752.209078201529
55	110	0.0688998048432702	0.0284463666057064	-684.077399206179	0.067752355945494	0.0281613738652823	-685.987325235304
79	112	0.160232193997833	0.0237962427444587	-685.83616614711	0.16053007475537	0.0236058066820709	-687.833358452895
24	108	0.912140364586606	-0.00205702266882247	-665.110846873034	0.912140394479652	-0.00205701999655871	-667.110846875351
75	120	0.980600602924454	-0.000346501395420483	-774.046302430527	0.969100072872909	-0.000534756292691076	-775.56127326532
80	108	0.0051167656588568	0.0494778325095573	-667.048832684524	0.00511676581915573	0.0494778308147074	-669.048832671008
25	118	0.0123437381274087	0.0374076075385238	-752.046313992624	0.00509285223778501	0.0398004964460951	-752.725099918469
