simNum	IVsNum	P_mbe	eff_mbe	P_egger	eff_egger	P_ivw	eff_ivw	P_weightedMedian	eff_weightedMedian
56	112	0.159228336589766	0.0961451537917721	0.807993758273853	0.0179923094900811	1.98910683499349e-06	0.0811990245681079	9.64369399429955e-05	0.0847076710879922	
86	93	0.450556387241323	0.0388728431442266	0.608241178247508	0.0294095906129908	0.00207728033845267	0.049827490973816	0.0490405512598266	0.0443431118477751	
91	106	0.676528515934159	0.0270919147174082	0.524761899901201	-0.0442493680261591	2.77523435687738e-05	0.0754378704160679	0.00139293692025589	0.0709165809289987	
6	91	0.773648253945609	0.0187633539662225	0.280389414074545	0.0984172131849646	0.00119706554063179	0.0637642991102508	0.0192626756988306	0.0546539336674466	
61	96	0.159352594558876	0.0846246876740049	0.0166492335498905	0.166574673818364	6.43443667022155e-05	0.0709198776058371	0.000398827644147293	0.0811670220547122	
1	96	0.709296469307739	0.0237544615713028	0.623199155326259	0.0363522780483516	6.00805648608083e-05	0.079884767997065	0.00537600993455431	0.0665067166385731	
11	101	0.252103747129606	0.0805339958354034	0.000192239872558897	0.2748393740799	3.13501325813975e-10	0.106451011443603	1.9142183749013e-08	0.12277110987949	
16	109	0.513663440604232	0.0353225919195963	0.059340185370703	0.116062928455555	9.41466212221935e-05	0.0651932821040812	0.00272880199518128	0.0618374902612174	
76	125	0.280195246434207	0.072875344243148	0.00585264655958939	0.224236913112268	1.07065388990322e-08	0.119117795909932	2.8363302297678e-08	0.114441419072319	
26	103	0.836513027941741	0.0111493454391244	0.0103089536536825	0.168432192882237	3.19965595145421e-05	0.0750179882212929	0.0350371554646416	0.0463187110408839	
66	94	0.499647811972528	0.0373384335775601	0.559531222977267	0.0411477056333119	2.90985353032844e-05	0.0807168189050532	0.0049976651626141	0.0639698257099093	
51	112	0.157668895811624	0.0761207021394956	0.823511684025848	0.0164076225259936	0.000318747407682248	0.0675693431277364	0.00114059341567035	0.0703040156265063	
96	102	0.24011434416857	0.0756477606861593	0.0715976194831813	0.118046938736831	0.00118177802064262	0.058141149229198	0.00269013607573511	0.0653741001887539	
41	106	0.671578864411829	0.0222542929445809	0.191683897068319	-0.0787451642101899	0.00262029405114215	0.0506889736553868	0.0877002089485303	0.0363383350137773	
46	103	0.356972804925638	0.0634151568205333	0.946505182252652	0.00557678584620675	9.42000648173662e-05	0.0815239224229389	0.000977170682927705	0.0757407186029701	
81	126	0.721446237336873	0.0190477168454901	0.407377606703326	-0.0584972819640083	2.42993872193458e-08	0.0967655134380266	0.000960733978782504	0.0677831403064183	
71	103	0.506004146483523	0.0440311695844183	0.666916183244532	0.0360199031646314	6.60623232774146e-06	0.0730316777007529	0.00638236570799604	0.0596698680846423	
36	96	0.580924210101189	0.0295756632631392	0.132372028729141	0.102791999709733	1.20678715459792e-05	0.0832472035049744	0.000962099178817522	0.0738202995154777	
21	113	0.099088805491417	0.0946962109535818	0.00106956807127312	0.212052274946461	5.4534517851341e-05	0.0631846257234343	0.000127052166743842	0.0781486033187399	
31	105	0.697398186069331	0.0275909809394671	0.712359150526281	0.0276603293234922	1.1069153931122e-05	0.0871993842839093	0.000751265939287823	0.0759963192467761	
92	98	0.157956542472479	0.0876796415059238	0.68682058275497	0.0274354110929467	4.51689544495465e-06	0.0797765551368045	0.000919648267696238	0.0737191937018413	
62	115	0.261894557430954	0.0749414323877549	0.00170223660212288	0.233197690972898	7.33375706087719e-05	0.0802778000652468	0.000203695837042078	0.0822352286387629	
87	93	0.169680571694441	0.0860545270759688	0.648475803385989	0.0377543727883633	0.000804009705783336	0.07331568053692	0.000726876380058113	0.0783527483441531	
57	102	0.544876907785565	-0.0340644587120065	0.114998986623546	-0.127998421846542	0.00017192383035054	0.0716545040746026	0.0454161168435735	0.0448884973932585	
7	91	0.0607457312154943	0.122008008563656	0.00725217181345506	0.204411799442204	1.56315653480364e-07	0.103254994427617	3.89110431569454e-06	0.112096658985128	
2	101	0.628668291750463	0.0283594012222445	0.204632603458012	0.0777271847512762	4.21663506344008e-10	0.104931668967183	0.000208700748906412	0.0800846519983005	
17	107	0.518481163151305	0.0391598782507276	0.415957415014725	-0.0615169492640121	2.07215205539459e-06	0.0867844217654362	0.00142628268440479	0.0711934233544135	
27	112	0.0319090897701281	0.113697870028926	0.887687783023982	-0.00813501941469856	6.59749923482401e-05	0.0597644905625013	0.000611350543596048	0.0715144476478	
77	115	0.170659315127384	0.0797202159908854	0.0824854107015478	-0.119611068967953	4.26147735143745e-05	0.080472464167971	0.00115746310254419	0.0683455483787239	
47	103	0.617890426956597	0.027987190403866	0.34868621234128	0.0752539207249752	0.000200585080131873	0.0732416949630743	0.0131704905038486	0.0565378984983754	
12	104	0.573206837197615	-0.0354569222001966	0.229879098289155	0.0881526146790673	0.00484185255329879	0.0482344661697428	0.148952146218441	0.031382546829346	
82	89	0.224714949358315	0.0880010753405988	0.0733567363674665	0.125454493523881	8.35531837985664e-10	0.111682063891549	7.74228478088768e-05	0.0942339692912843	
42	104	0.27972754753306	0.0574050089074735	0.00822168016751079	0.208273017519071	3.18303684452986e-07	0.102840709990144	0.000349032708051993	0.0811439634801553	
97	108	0.776272858457548	0.014609914761221	0.0879478695760192	0.112973288467364	0.00141233055144708	0.0540464093742106	0.0204507528407499	0.0480233193808629	
52	114	0.205323121922364	0.0771361857690699	0.089755019944135	0.1044744190197	3.09859266860313e-07	0.0841009977824222	0.000173480659580347	0.0789665372023003	
72	106	0.210664981915049	0.0658385284509359	0.00457416459577309	0.174496124066982	1.85040691239806e-05	0.0720966989256056	0.00140085223939165	0.0683089225022651	
67	109	0.819923507934821	-0.0139196264142344	0.155073900374028	0.108300094002499	4.57778399060335e-05	0.0789298357954717	0.00328016261696512	0.0657808127309459	
37	116	0.00538526404120051	0.162888814760946	0.360880887218543	0.077180223132045	1.97912169457981e-08	0.105078005686098	9.4322093124235e-09	0.125096773202964	
22	98	0.662720236775166	-0.0277905297556631	0.758353761221564	0.0232380785621644	0.0181844809781972	0.0458719454344929	0.0442174284646301	0.0450235499825366	
32	114	0.00719955498477609	0.150652336643422	0.0128838778505083	0.175257704766544	5.2110073408772e-09	0.101664379409155	1.96170267467348e-08	0.122135266616851	
93	86	0.164199930017586	0.084713031538224	0.0125018044973226	0.180119200201537	1.13741094378682e-05	0.0747139168590023	0.00306159403903157	0.0694543190779412	
58	108	0.0803505297773845	0.110775744029233	0.000181127182004026	0.263430681291987	2.55190646423928e-05	0.0750804203479397	0.000477558450165619	0.0757178981615663	
88	102	0.0115131882296493	0.158929506198168	0.394798070398886	0.0593011800261005	2.77848458292385e-05	0.0767383789794478	0.000286882208466735	0.0799316181153541	
63	113	0.718455037561313	0.0239487857320512	0.344896570176898	0.0698261711050646	2.83152002143761e-06	0.0861882516026866	2.88665034158806e-05	0.0913193026835591	
28	89	0.0811115630089267	0.135214711336457	0.439924341689167	-0.0672096700255429	0.077285019818653	0.0405308889939595	0.00813909949646463	0.0674766880776093	
3	120	0.525869224889403	0.0344733448084125	0.00118866966631881	0.191774595615784	4.95404439691896e-10	0.0993596169556978	0.000789695571751173	0.0696144145994704	
78	99	0.00738401357764315	0.172492412241238	0.139368249438377	0.0978612517012945	5.23701239818509e-09	0.101511364694319	2.92952961731275e-08	0.125542790894654	
48	99	0.173990953738446	0.10446169031252	0.623621839578572	-0.0402476290981859	0.00105295247160504	0.0684850430016952	0.00130546743138581	0.0791614284775081	
18	127	0.00887823731688176	0.153523673902423	0.0556315651940902	0.120542336318902	8.51434521423628e-16	0.128428266601082	2.91318142824171e-10	0.128916198879268	
8	103	0.362622366796128	0.0597758366843122	0.422596309189131	0.0681050023154461	3.80706897819253e-08	0.105757810825478	6.22226528252967e-06	0.101467269279429	
13	115	0.317453726933696	0.0549241202527936	0.85766146692505	-0.0141907395034553	2.67195502217828e-07	0.097675209953744	4.86436157147492e-05	0.087885425494601	
43	114	0.944628502003804	0.0033695690299344	0.977470225253782	0.00169725604493376	7.67818733055254e-07	0.084648602776491	0.00956068508877332	0.0539081499214487	
98	112	0.028824509411461	0.143885134853168	0.0704866029659184	0.138508926094785	5.61228004135872e-08	0.0994081965113413	1.13061552003033e-06	0.107575667839708	
73	110	0.31172624230675	0.0666329806022557	0.534853530434937	0.0354502947942185	7.86610336964289e-06	0.0677735769937684	0.00573794496189151	0.0588295025072147	
83	105	0.408550296422567	0.0433840931412414	0.178930887075162	-0.0950572248448153	7.91558806709961e-06	0.0776343160001136	0.00183310783636238	0.0672971705905946	
53	112	0.89587563144241	-0.00686624302043615	0.0488767602439411	0.123319370713125	0.00011902175962649	0.0639891720879915	0.163547528982315	0.0297591755673514	
68	106	0.33149557445916	0.0584804518201867	0.00112666674207995	0.226514154685257	2.13597198799419e-07	0.100064834005971	9.95488659330952e-05	0.08742311832901	
38	115	0.90911251738178	0.0068224830381739	0.326234634684532	0.0687468326302565	8.88269872036079e-06	0.0762691246701123	0.00598607767891421	0.0592750558315875	
23	109	0.20571146412145	0.0722391579894068	0.0369110163017974	0.138857477960019	8.4707388477207e-08	0.0913970886412587	4.34871617707537e-06	0.0965415304774498	
33	103	0.12170553570545	0.0941415793751776	0.889069415071743	-0.00967351868894692	7.94026656347581e-06	0.0831638132866199	6.07119914533451e-05	0.0907158508784768	
94	99	0.0231126013758564	0.117742091838154	0.013245517842176	0.152774987092939	1.01884796354753e-08	0.0905201448560101	1.0492997427064e-07	0.114987367261099	
64	88	0.00378754858586853	0.221514754042549	0.0212783053683983	0.191128023880829	4.6022583772302e-06	0.0927756382005073	5.29988415809774e-05	0.0988061422954503	
89	113	0.0743309744610217	0.102128783462783	0.715231041041205	0.0268309008937778	2.27858286659988e-06	0.0876478411536081	2.05014680710119e-06	0.0991773225784974	
79	97	0.469821494343825	0.0413795928175508	0.0757172395862244	0.132695906018151	2.41715057025578e-07	0.0926203870716454	0.0008660052588836	0.0753321001834724	
59	92	0.148670030634964	0.0870351748893498	0.000665588401812967	0.211433502900852	1.0437640319415e-09	0.107879756681516	5.61995854344446e-06	0.107240924955025	
4	133	0.570518115858426	0.0282868680293991	0.0358138635349456	0.137389725635023	4.25442665281996e-06	0.0798666504409823	0.00236067831522706	0.0601706904829981	
49	86	0.0566349872026736	0.130415764352111	0.567245387607804	0.0399430871275784	1.86788297088082e-07	0.0980537366989164	0.000247079187717143	0.0885473414748021	
19	111	0.204757495614904	0.0531585506963483	0.883326359294858	-0.00969931970960548	0.00028811560941915	0.0630226407872438	0.00407037731633965	0.0581843605957651	
14	93	0.976067073838854	0.00185645524468037	0.616467623538792	0.0527747227502606	0.104258799405919	0.0368106152240463	0.135570899185354	0.0362426806727149	
44	110	0.0885862455372075	0.126859872340149	0.228604239973402	0.0783791504820561	3.15558969111007e-05	0.0727458142017801	7.9545628022563e-05	0.0855539055146407	
99	117	0.623810237323452	0.0217926541919787	0.61648932112872	-0.0344178449137195	0.0098287925344417	0.0475063231856472	0.0716547654974697	0.0358674453320384	
9	102	0.183749784159729	0.0763863983552659	0.730208097025511	-0.0257699342561243	0.000899139996566578	0.0644796293778865	0.00360108204132401	0.0656070183432072	
84	101	0.96396087001436	-0.0021772318429355	0.100024637020175	-0.139379275835111	0.0115296068370903	0.053623723411288	0.4422700566251	0.0177343382897124	
74	110	0.0736745816174236	0.0982192658532087	0.370206914576257	0.0632785902440598	2.49344061937991e-07	0.0913842267747438	2.95172964028998e-06	0.0989975857388271	
29	124	0.229220483080404	0.0624666689849288	0.420273839627763	-0.042323788306657	2.00027969586683e-07	0.0762190740248392	5.16639439949532e-05	0.0775866884455838	
54	93	0.156721308181067	0.110501739186805	0.00504871392379247	0.175546615760671	3.74407809628756e-08	0.0988855528161348	2.99200623993565e-05	0.0961549816261944	
69	112	0.118649719161531	0.0989804269624485	0.199072207290187	0.0770642153452775	2.17775642269486e-05	0.0715489873391111	0.00029066319957472	0.0781462933665778	
39	111	0.725796411135251	0.0205108393083198	0.00934449567116657	0.163213278329504	2.46755855280725e-07	0.0855703370302993	2.2864031711122e-06	0.101620583529017	
24	98	0.258428820596304	0.0593616622616363	0.263146710698917	0.0874234867400591	0.00190816923628903	0.0565769740944845	0.0415537831216683	0.0451772335845931	
34	120	0.471778874167425	0.040612975330473	0.282194035266673	0.0710636801029735	5.89500177784033e-08	0.0966654194098604	5.69711248664017e-06	0.0960121275050849	
65	114	0.0181240688154731	0.127545188104309	0.00200414427701712	0.244447284683617	3.5748269325472e-09	0.116318231386767	4.50301824943366e-08	0.11760554330889	
95	108	0.465389404007433	-0.0487790118553026	0.600586032173105	0.0376123884563656	5.70255237505828e-05	0.0736157013294227	0.0312202802171656	0.0483570065806662	
5	107	0.1570628399441	0.0929402965110959	0.305670486714356	0.0671373203398286	3.37435236798074e-08	0.103325145241865	6.38488961876444e-06	0.100258408899765	
60	123	0.203755117938822	0.0630696086008365	0.00512248819858829	0.1708818264963	3.06578155173371e-09	0.0992196217219149	7.69881608454839e-06	0.0869493565445854	
80	94	0.784525076136619	-0.0175525437981915	0.952786136405295	0.00467318640727416	0.00401711944947584	0.0598333522940573	0.00530206884148667	0.065477955353826	
90	118	0.836500701971873	-0.0131756048861431	0.0313708855505361	0.129664483841718	7.96808136515797e-05	0.0618691097539847	0.0324588801937375	0.0431257284139607	
50	123	0.299752296034639	0.0449301684470994	0.0589130715794008	0.119175359963979	4.44744476978389e-10	0.103866547440679	0.000505849398680736	0.0692399650852032	
20	122	0.128987314944691	0.0711271504260365	0.0409843039019726	0.133845516906461	1.45502143330147e-10	0.113070162956497	1.77772730191354e-05	0.0894063545591537	
15	108	0.629855072157049	-0.0405971605473605	0.0267550274262649	0.141941365526302	3.73926675848475e-06	0.0787547553780253	0.000228738093008079	0.0788569193194256	
100	104	0.0868826252989289	0.157234929965496	0.368307383508464	0.0753774729575392	1.34935010133935e-06	0.0907516971002935	6.0633157091035e-06	0.103136014543605	
45	108	0.377700485767194	0.0452352270153533	0.726210435797726	0.0226655475187644	5.17395953163861e-07	0.0878482547589403	0.00122014165313247	0.0689637575187332	
10	109	0.106421598343052	0.0943020119964746	0.668314657707383	0.0362356691774395	1.00049281255196e-07	0.0929832829694588	0.000118798394883462	0.0815018785929149	
85	102	0.679376597348183	-0.0227843933076008	0.958878950170122	0.00373598528777862	0.000335784028538711	0.0634441703345212	0.0501708097260037	0.0427349354857655	
75	99	0.858646351872601	-0.0102706928009968	0.320687020439247	0.0621741391342617	0.0372295342956418	0.0369222040852932	0.386822534893561	0.0190960035211169	
55	97	0.358852429324256	0.0523627074960037	0.12993686892209	0.0884770608804663	5.30504497951722e-07	0.0813839360221955	0.00109195338710309	0.0733087905844503	
30	95	0.040876818254988	0.132207517839473	0.825019660015982	-0.0177869487545718	3.74487904849557e-05	0.081265363114859	0.000402728376603667	0.0832615636123532	
70	100	0.645875775479759	-0.0271837198194267	0.949806806619427	-0.00429898829582784	0.000744374761550561	0.0618745625179939	0.0490647879297116	0.0439443547733483	
25	120	0.183242275551946	0.0618083735615254	0.207258444854289	-0.0876096522333053	5.92107687336624e-06	0.0819743364170077	0.000210189956494041	0.0761345736413905	
40	91	0.273455776870094	0.0640104998563819	0.0060464347142164	0.190392882577284	1.58616890767517e-09	0.104517114061212	6.89478373164865e-05	0.0917741943676473	
35	106	0.0395798915412679	0.12160594229857	0.060488139074647	0.12472158917033	9.52745610858599e-06	0.0822086442690731	2.28765724435405e-05	0.0959388578773466	
