"simNum"	"IVsNum"	"P_largestGroup"	"eff_largestGroup"	"eff_mean_minClass"	"sd_minClass"	"P_minClass"	"P_minClass_mean"	"eff_mean_maxClass"	"sd_maxClass"	"P_maxClass"	"P_maxClass_mean"	"corTest_1"	"CHVP_test"	"AIC_1"	"gamma_1"	"prop_1"
"78"	106	4.90359653763705e-05	0.117407972375008	0.124976158068878	0.0277192216318642	4.90359653763705e-05	1.70332624945944e-05	0.22225245185918	0.0568501830451043	4.41478347985165e-05	0.000164217444398985	1.21046250567414e-05	0.124044737964929	-623.829852025957	"0.117407972375008_0.242364040728468"	"0.531210847208483_0.468789152791517"	NA
"1"	126	0.00178952518107368	0.0640251165371379	0.0622985845429514	0.0200603861676765	0.00178952518107368	0.00235028810497664	0.291258837140593	0.0331874998019288	1.94378855784275e-14	1.06222892639209e-14	0	3.54368690848016e-09	-741.595642347432	"0.0640251165371379_0.287606294865942"	"0.513257880481718_0.486742119518282"	NA
"24"	107	0.0141775722907435	0.0743149110637428	0.0734468083891816	0.029797925491193	0.0141775722907435	0.0153139267456141	0.208951642956254	0.0885792187561924	0.0115576462754594	0.0201601615942327	0.000130513896324347	0.147081458943549	-564.425619310135	"0.0743149110637428_0.227652332848915"	"0.531919758294673_0.468080241705327"	NA
"9"	115	0.0126414174758489	0.0616413326920081	0.0568390824079372	0.024327730027096	0.0126414174758489	0.0212177927452813	0.221366854479747	0.04615941181687	5.55676815585353e-06	4.94130813400928e-06	3.22938293439989e-06	0.00161485571781069	-641.448417822868	"0.0616413326920081_0.220058649463081"	"0.509126089047821_0.490873910952179"	NA
"85"	98	0.105238479558491	0.0315466412119677	0.028285999519564	0.0192916708011894	0.105238479558491	0.145820429196123	0.312877676790071	0.0528253482852944	2.95157335154628e-08	4.80502729905066e-08	1.02140518265514e-14	4.1813982712309e-07	-533.129807397736	"0.0315466412119677_0.318620875286798"	"0.539903829963164_0.460096170036836"	NA
"17"	117	0.0384439738625275	0.0513273926646016	0.0560062115293804	0.0245124313679746	0.0384439738625275	0.0241418617520444	0.221127397275448	0.0731408356625568	0.000723174097950478	0.00307816290938968	5.74718050927459e-10	0.0323092145596805	-649.753013828428	"0.0513273926646016_0.254049542348397"	"0.519849324817034_0.480150675182966"	NA
"40"	94	0.917482357246201	-0.00298789344386843	0.00017362931346779	0.0287608637324425	0.917482357246201	0.995196131806054	0.243438658154539	0.0501742998732983	3.59149379151011e-06	4.90482277029709e-06	4.44089209850063e-15	2.59538345271279e-05	-526.764295819161	"-0.00298789344386843_0.247310549808938"	"0.5070474807427_0.4929525192573"	NA
"93"	98	0.00503877399224395	0.0619343229131201	0.0575192320138339	0.0215798381124135	0.00503877399224395	0.0090078447996833	0.288964511754784	0.048537630809128	1.01653400602919e-07	4.19181612501979e-08	9.5412566736286e-11	1.31774306973438e-05	-541.960339400089	"0.0619343229131201_0.279287162847169"	"0.51121335180227_0.48878664819773"	NA
"32"	108	0.0325216260740854	0.0610560158956147	0.0587815707567034	0.0281867898108901	0.0325216260740854	0.0394089584700807	0.285512629820986	0.0388880537767786	1.01179923748978e-10	4.33390178477735e-11	4.9338311214342e-13	2.35010298337245e-06	-613.489550562094	"0.0610560158956147_0.278852720106441"	"0.505564596338713_0.494435403661287"	NA
"55"	118	0.00428220579435693	0.0862408985601505	0.0894665373178405	0.0296001579165343	0.00428220579435693	0.00308056233295658	0.326724883652694	0.0383330394491914	1.14273293827143e-13	6.28951476593148e-14	0	9.63926166342994e-07	-672.957116771195	"0.0862408985601505_0.322422545436015"	"0.500597330143329_0.499402669856671"	NA
"70"	94	0.22220869759903	0.0493681566578904	0.0558242734984419	0.0401725446562901	0.22220869759903	0.167964345424608	0.377717076635336	0.0562250276630331	9.77392866326392e-10	1.45013160027415e-09	0	3.18944897329373e-06	-496.898906147713	"0.0493681566578904_0.382511868169025"	"0.505584451076939_0.494415548923061"	NA
"62"	100	0.064272322498431	0.0758612896885734	0.0799246888640417	0.0405418279937478	0.064272322498431	0.0514679289182083	0.256710192862285	0.0527267020089613	2.55550154409014e-06	4.25618294967126e-06	4.37325331503757e-08	0.00786106954605537	-552.143826384257	"0.0758612896885734_0.263258432867613"	"0.512391920240245_0.487608079759755"	NA
"47"	109	0.0573652842811425	0.0795214000694092	0.0912577188679175	0.0413953525677024	0.0573652842811425	0.0296073910350446	0.297091310321473	0.0616958573506689	1.64928642161756e-06	4.811809640473e-06	3.64153152077051e-14	0.00559808625710199	-600.286106227636	"0.0795214000694092_0.312886945893613"	"0.501530083782573_0.498469916217427"	NA
"2"	99	4.02226803360986e-06	0.110600450054139	0.105381253280968	0.022638698011982	4.02226803360986e-06	1.0175901753336e-05	0.218464495746301	0.0417327700875968	9.22595964815723e-07	9.4188883678439e-07	0.000373479767711737	0.0172274753705727	-566.661139385301	"0.110600450054139_0.218668706007963"	"0.519352383616288_0.480647616383712"	NA
"56"	115	1.44937841354661e-05	0.150739814652146	0.140013537766991	0.0332614519755609	1.44937841354661e-05	5.13042713624252e-05	0.176064993757428	0.0415879645437354	0.000433769624003043	4.67802999547279e-05	0.999934823622105	0.498415857606431	-650.157065832964	"0.150739814652146_0.150742708085003"	"0.500000000000038_0.499999999999962"	NA
"94"	99	1.17106931476671e-06	0.0814077436853448	0.0831095052909773	0.0157060483645138	1.17106931476671e-06	7.40563896143408e-07	0.309501429598917	0.050503281845273	2.24668378153497e-08	1.85958805624861e-08	5.80806513994503e-11	1.86474706462005e-05	-569.811589909447	"0.0814077436853448_0.307395372111142"	"0.537595811916058_0.462404188083942"	NA
"41"	116	1.16288906399412e-06	0.0772112211430316	0.0763559770707444	0.0150367027222759	1.16288906399412e-06	1.48590704508816e-06	0.291235246194747	0.0382974623989903	2.16232714970918e-12	8.48034383917046e-12	1.33226762955019e-15	1.76368886553148e-07	-668.411657736942	"0.0772112211430316_0.301360021550085"	"0.534122187435006_0.465877812564994"	NA
"79"	98	1.5350221822101e-05	0.14078444546577	0.130825216645653	0.0309199045283178	1.5350221822101e-05	5.27768474873635e-05	0.25210081757893	0.0587333775400984	5.18464307113943e-05	4.19120869912883e-05	0.0030078568085532	0.0676808680259259	-534.380421612626	"0.14078444546577_0.248785247688094"	"0.509024414484358_0.490975585515642"	NA
"10"	99	6.34199999456748e-05	0.0955966521986475	0.0968276486678717	0.0228699294879961	6.34199999456748e-05	5.1845884941852e-05	0.291125732611784	0.0520618619749921	1.86923795656551e-07	2.02987177637055e-07	6.47362607963942e-10	0.000633353299591437	-569.2186719376	"0.0955966521986475_0.292108252087352"	"0.529592731327334_0.470407268672666"	NA
"25"	106	0.0192126710113401	0.0705522717640288	0.0749287175999975	0.0296680774379413	0.0192126710113401	0.0130450979109408	0.213625203079261	0.0462602549138217	3.71011590618854e-06	1.10343419626077e-05	1.11191596596782e-07	0.0116108854256046	-615.549024108308	"0.0705522717640288_0.22601869176066"	"0.515837712989854_0.484162287010146"	NA
"33"	104	0.0102917629762701	0.0864290270833137	0.0744205825159675	0.0330647942546986	0.0102917629762701	0.0265262378801354	0.217970624995049	0.0526270197475443	0.000212099066378898	7.07287249756164e-05	0.000465301488827841	0.0209071474415271	-589.527538335827	"0.0864290270833137_0.202131844075745"	"0.510171144137916_0.489828855862084"	NA
"86"	107	0.000412215516072244	0.105305351569319	0.10266540760777	0.0288691194396109	0.000412215516072244	0.000563820841365186	0.277801012028696	0.0477800631432583	1.6641028838911e-07	6.50597484996969e-08	5.17585055259673e-07	0.00170534455443711	-616.128948490555	"0.105305351569319_0.267809633904646"	"0.510063321622951_0.489936678377049"	NA
"18"	98	0.700697186275633	0.0111601772616895	0.0142211966854515	0.0289484597773146	0.700697186275633	0.62435285470631	0.290040176651904	0.0420737064476832	6.23953756757279e-10	5.52132171521755e-10	0	6.63684337723698e-08	-541.114628628841	"0.0111601772616895_0.288949188392119"	"0.505888456693746_0.494111543306254"	NA
"71"	115	0.000979089172632674	0.0952770584853176	0.0869057028059841	0.0281525203290291	0.000979089172632674	0.00253917453827689	0.226680268392434	0.0439171227980841	2.30153566755459e-06	1.04744453886008e-06	5.52961094304472e-05	0.00737486074431067	-662.295652850921	"0.0952770584853176_0.21861187369763"	"0.50572994689525_0.49427005310475"	NA
"63"	98	0.00401608159828789	0.0696790230453838	0.0758189994812773	0.023642235360964	0.00401608159828789	0.00181770468766455	0.338710257459202	0.0442536998861723	5.26612127982235e-12	1.44900069433924e-11	0	1.60855393857368e-07	-563.780268204252	"0.0696790230453838_0.347921136714226"	"0.508256391863916_0.491743608136084"	NA
"48"	105	0.0204950552605785	0.0554331057517455	0.0536433958465914	0.0235568544389088	0.0204950552605785	0.0248217682019793	0.331587227217126	0.0479952585681504	4.19701067653478e-10	4.02619932979383e-10	0	2.00745969056731e-07	-596.405432323243	"0.0554331057517455_0.331174198389009"	"0.515022352178694_0.484977647821306"	NA
"34"	91	0.000339651047620734	0.12043271817757	0.110412646115669	0.0323254995033035	0.000339651047620734	0.000956498170985657	0.157943044978717	0.0359551409296886	4.66972856045161e-05	3.04799055233536e-05	0.326456955500968	0.325582244061138	-507.2340424776	"0.12043271817757_0.153861293803591"	"0.520825485081598_0.479174514918402"	NA
"11"	96	0.00973134595865279	0.0679618250575486	0.0750315573015907	0.0257576198230772	0.00973134595865279	0.00446254527931789	0.320818202874623	0.0468872798121081	7.62181069859522e-10	7.56212205912069e-10	2.22044604925031e-16	4.33899825628161e-06	-546.02791379993	"0.0679618250575486_0.320739362041331"	"0.516797365119637_0.483202634880363"	NA
"3"	114	0.00213624003588221	0.0922888783605291	0.0871024702588438	0.0293635324750029	0.00213624003588221	0.00367811812793093	0.276704023660892	0.0561866190739881	8.41791773537141e-06	2.90839104278268e-06	4.97291799073096e-07	0.00278327747231628	-618.590759395577	"0.0922888783605291_0.262291359176564"	"0.500805588049093_0.499194411950907"	NA
"95"	108	6.35574949478406e-05	0.0819667258465233	0.0799397055354177	0.0196858833876987	6.35574949478406e-05	9.34003303245838e-05	0.354540103538703	0.0413785158161519	2.02788544602989e-13	8.65726366044718e-14	2.22044604925031e-15	2.06413574303325e-09	-607.664710961571	"0.0819667258465233_0.347687272393668"	"0.51947520654162_0.480524793458379"	NA
"42"	109	5.80311941228709e-06	0.244172039952209	0.0590393517126863	0.0344744417491208	0.0493956572394324	0.0896642607648641	0.252564599822811	0.0511909150233512	5.80311941228709e-06	2.94455467468773e-06	6.05736278913582e-08	0.00171453699315531	-608.726074656947	"0.0685187702426574_0.244172039952209"	"0.496546226363725_0.503453773636275"	NA
"26"	91	0.137002296487053	0.045295725766019	0.0453945116698366	0.0301884312010498	0.137002296487053	0.136158336580591	0.324575750307923	0.0413900994911259	2.93158116193979e-12	8.62448664055547e-12	0	5.04838448693179e-08	-503.715592799941	"0.045295725766019_0.333996480228809"	"0.511727858585954_0.488272141414046"	NA
"80"	104	0.00432010411037792	0.0670956369180811	0.0603526157393058	0.0229901452464661	0.00432010411037792	0.00997954736011304	0.297128000387052	0.0526220218550569	2.87113789185302e-07	1.45745806424695e-07	3.71157771184016e-10	3.73620591491435e-05	-567.03107861628	"0.0670956369180811_0.289034698788197"	"0.513441723732132_0.486558276267868"	NA
"57"	101	4.75057765112158e-05	0.077950728015251	0.0762128247379009	0.01832786774337	4.75057765112158e-05	6.78202741181661e-05	0.31750868652645	0.0450549627924438	2.10795383770253e-10	2.38010935575205e-10	5.56887869151979e-13	7.0188595462007e-07	-575.559330808811	"0.077950728015251_0.318648243062592"	"0.530718551317521_0.469281448682479"	NA
"19"	115	9.01134643885155e-05	0.0965860724297061	0.0955892732755055	0.0237860826245765	9.01134643885155e-05	0.000105345859315222	0.261471785751304	0.054971945664959	1.10668782747399e-05	5.81284116132493e-06	3.77314186428279e-06	0.00561516075467588	-644.029412149963	"0.0965860724297061_0.252812753973187"	"0.519483673947615_0.480516326052385"	NA
"49"	112	3.86080549059664e-05	0.0894487242772083	0.0873948918178462	0.0208600249682627	3.86080549059664e-05	5.62951161130252e-05	0.248102642494374	0.0503862759962612	4.62327731347235e-06	2.9748468678678e-06	3.59736129329491e-07	0.00320927903361591	-648.412502789018	"0.0894487242772083_0.242772552187611"	"0.531764997389529_0.468235002610471"	NA
"87"	127	0.00274658889095402	0.05599393405521	0.0546655828845681	0.0183280878327659	0.00274658889095402	0.00343228165548887	0.2901245603922	0.0470073105350474	2.64781568222582e-08	8.51540144259476e-09	1.08912878715728e-12	3.05919370742626e-06	-694.918464013436	"0.05599393405521_0.279036963944905"	"0.505145737414852_0.494854262585148"	NA
"72"	111	0.000367515586909643	0.0951557031070948	0.0983133245053545	0.0258829538220166	0.000367515586909643	0.000239067277117791	0.332883350068873	0.0499273983954857	2.21513870160038e-09	1.08216842270826e-09	0	3.03199136234941e-05	-627.278315625967	"0.0951557031070948_0.325475570348317"	"0.507147983309034_0.492852016690967"	NA
"64"	118	0.0327390864454445	0.0517100613975445	0.0551659991043216	0.0239295600786831	0.0327390864454445	0.022909117125148	0.32227647302459	0.0665420215877363	5.63922513982166e-06	3.94989360711058e-06	5.32907051820075e-15	0.000158514115935873	-641.682064156508	"0.0517100613975445_0.316594300845165"	"0.515755782295012_0.484244217704988"	NA
"96"	88	0.0865473576104237	0.0386149117733258	0.0366571146204158	0.0222755370325383	0.0865473576104237	0.10344987626309	0.266436800988408	0.0600395844719586	2.84521504835969e-05	2.65211785974506e-05	8.42467429151839e-10	0.000333045989218737	-485.302354986604	"0.0386149117733258_0.265320411914787"	"0.520772571618808_0.479227428381192"	NA
"35"	101	0.0176679683659813	0.0630105649725868	0.055211720082507	0.0261189086974712	0.0176679683659813	0.0370148895450049	0.232214941362672	0.0519704717615808	9.69655431812705e-05	2.08121696703957e-05	2.9674189371276e-05	0.00234123023823413	-564.079823484803	"0.0630105649725868_0.211089902182413"	"0.511889520274367_0.488110479725634"	NA
"58"	111	4.41251147163578e-07	0.0841349884907221	0.0833395955636944	0.0156646056363314	4.41251147163578e-07	5.51173580064795e-07	0.287616441105318	0.0355813029103383	4.46572682169203e-13	8.94028304633637e-13	5.97077942643409e-13	1.4845889348418e-07	-632.773450877765	"0.0841349884907221_0.292407844402897"	"0.531373265528611_0.468626734471389"	NA
"12"	103	2.0485950062049e-06	0.23565204232533	0.0837151042250612	0.0357068498520064	0.0204383053505013	0.0209893749477769	0.230651472367425	0.0467842344612922	2.0485950062049e-06	3.19417423120486e-06	7.17073511680155e-08	0.0125375148822373	-595.919558140398	"0.0840884634698412_0.23565204232533"	"0.499535489488522_0.500464510511478"	NA
"4"	102	0.0168323066463671	0.0702462562429295	0.0637710890612231	0.0288994755331855	0.0168323066463671	0.0296032379462292	0.30039677970943	0.0473051843885592	1.01931690555664e-08	6.21184336946679e-09	2.70494737719673e-12	1.96721234111017e-05	-575.289567583437	"0.0702462562429295_0.295335147617023"	"0.502960327732922_0.497039672267078"	NA
"81"	111	0.00381703565168607	0.0764145413713717	0.0776185070711053	0.025853026821691	0.00381703565168607	0.00331677718163045	0.266592242331081	0.0464809756247422	7.6816945974286e-08	8.66041426444349e-08	5.43038947142804e-11	0.000380858476667422	-627.517604633146	"0.0764145413713717_0.267818592923752"	"0.510864935849042_0.489135064150958"	NA
"27"	103	1.86131718450924e-05	0.0961117825801577	0.098389579649894	0.0213941897302212	1.86131718450924e-05	1.22287498102241e-05	0.353148303497147	0.0588797752071763	2.63337648577089e-08	3.06466396589273e-08	8.88178419700125e-16	4.76977590976137e-05	-572.983002627991	"0.0961117825801577_0.355109038102928"	"0.521466753585765_0.478533246414235"	NA
"20"	106	0.0328610555301113	0.0609347610011124	0.0636856672210045	0.0281798287042998	0.0328610555301113	0.0258870262315336	0.284831907336432	0.0452047130412462	1.34782246289381e-08	7.05592576373089e-09	1.31028521366261e-12	3.30285112883464e-05	-602.537392841203	"0.0609347610011124_0.278552157292053"	"0.505846839776246_0.494153160223754"	NA
"50"	114	0.82594805080838	0.00459379475137124	0.00705411338777114	0.0208418567860408	0.82594805080838	0.735645403717192	0.335651294313432	0.0576367193096162	6.71453138962645e-08	5.50632992439036e-08	0	8.25727342732139e-08	-626.464154673152	"0.00459379475137124_0.3331625622436"	"0.52198388587249_0.47801611412751"	NA
"88"	112	1.37979318380388e-07	0.228575644465708	0.0621784228593329	0.026668247693148	0.0103263366074266	0.0215289510489441	0.239502501133844	0.0406068002295827	1.37979318380388e-07	4.04478555019919e-08	6.75945521777521e-10	0.000262163615422605	-661.513163058294	"0.0695825198834236_0.228575644465708"	"0.499881449725804_0.500118550274196"	NA
"43"	115	0.0383037287163548	0.0560779337906167	0.0527177295462299	0.0267559792531465	0.0383037287163548	0.0512266662739376	0.297885085456419	0.0461938482563476	5.4053701441529e-09	2.82394500716964e-09	2.01172412062078e-13	4.3775024792267e-06	-631.882717145438	"0.0560779337906167_0.291650220186668"	"0.517304944034252_0.482695055965748"	NA
"97"	96	0.0041084206833349	0.055565550632057	0.0570000720343495	0.0188930655484076	0.0041084206833349	0.00327626546280187	0.291629510289019	0.058479675671332	5.84235145462734e-06	2.76123817816312e-06	4.64073224293315e-13	0.000134617459643683	-548.98741434175	"0.055565550632057_0.280828376062715"	"0.523431848070796_0.476568151929204"	NA
"59"	79	0.00232022211140658	0.092662860980957	0.091436373659174	0.0294234480613685	0.00232022211140658	0.00263136254556176	0.329470574029346	0.0679317245314335	1.12158243955562e-05	6.18427213854273e-06	1.36033753150855e-08	0.00130276626659755	-430.293769783271	"0.092662860980957_0.318941486486343"	"0.509619483770034_0.490380516229966"	NA
"65"	105	0.0181400710191086	0.0802117962043831	0.0893351084158132	0.0334117714456979	0.0181400710191086	0.0087115735133103	0.224969233643546	0.0614822305805266	0.000205637596614142	0.000399439014904948	7.1649654431738e-08	0.0525817152541127	-604.282046547605	"0.0802117962043831_0.236593167670488"	"0.510052906633582_0.489947093366418"	NA
"36"	108	0.000810627939716768	0.0901484091472353	0.0964021351970249	0.0261507483655742	0.000810627939716768	0.00035901405694276	0.338103958057913	0.0492954772087104	4.13522967197108e-10	4.66120028926241e-10	0	1.48171590371827e-05	-623.729797476689	"0.0901484091472353_0.33931765359215"	"0.512194962932449_0.487805037067551"	NA
"73"	116	9.39148623100062e-10	0.291587505192389	0.0883619627200173	0.0424885041721217	0.0525349820485038	0.0397784714566196	0.281349117026534	0.0437188704797404	9.39148623100062e-10	2.94189815656507e-09	1.77635683940025e-15	0.00154768432661081	-674.656088738048	"0.0832343649494946_0.291587505192389"	"0.499332310886124_0.500667689113876"	NA
"13"	106	0.0591981373611991	0.0616439762531032	0.0710166664525979	0.0323179261607611	0.0591981373611991	0.0301862582210043	0.241390576410179	0.038201152078166	4.66270403283046e-09	6.4855145227147e-09	3.50483420064052e-10	0.000661864614628259	-613.915655721221	"0.0616439762531032_0.244074782288515"	"0.51173255005422_0.48826744994578"	NA
"21"	85	4.80560248911488e-05	0.0941375541576167	0.0952865606093018	0.0219587162881731	4.80560248911488e-05	3.95948408083278e-05	0.29573136520742	0.0424805927693117	2.08759696923639e-09	6.92141957687089e-10	1.93312921226152e-10	2.76967982273578e-05	-503.877409273925	"0.0941375541576167_0.285265407668119"	"0.516671882120658_0.483328117879342"	NA
"5"	126	0.000473010326478477	0.0614392918022438	0.0588371362038248	0.0171128041853808	0.000473010326478477	0.000796066336367386	0.32418276834242	0.0426688158184494	3.21424057589099e-12	6.17055202001672e-12	2.02060590481778e-14	7.84166866033266e-09	-695.312253201163	"0.0614392918022438_0.329435860789309"	"0.531335455739969_0.468664544260031"	NA
"82"	123	0.00814287883058423	0.0695016675642815	0.073908733440195	0.0258356073098605	0.00814287883058423	0.004974275102806	0.262264329465819	0.0366009244745252	5.89158006344464e-11	6.43492737261315e-11	4.03233002543857e-13	2.61895368360411e-05	-713.563910356671	"0.0695016675642815_0.262892660203449"	"0.507676368303733_0.492323631696267"	NA
"51"	96	0.00217178729336228	0.0779922951927282	0.0827164258738089	0.0247460142751287	0.00217178729336228	0.00118828664598632	0.288846006348834	0.0413162820620289	1.43040507765184e-10	3.76341528426468e-10	1.50990331349021e-14	1.86821427393138e-05	-560.757559756676	"0.0779922951927282_0.297306185245156"	"0.512710600117636_0.487289399882364"	NA
"60"	88	9.81503116361563e-09	0.246692798889051	0.0573579898581206	0.0448095131724905	0.335219074103221	0.20393356229427	0.233013036103017	0.0388986268380111	9.81503116361563e-09	4.60526725203125e-08	1.25299770559195e-12	0.00307392908777175	-515.254539492075	"0.0434215289980169_0.246692798889051"	"0.499025097387588_0.500974902612413"	NA
"28"	109	0.0448736368710603	0.0748045790435117	0.0771600434191125	0.0368599085751894	0.0448736368710603	0.0386610164781381	0.290165575800759	0.0454638056718848	1.01554232612955e-08	4.46909108309067e-09	4.47419878923938e-13	0.000273344263534863	-620.879432706457	"0.0748045790435117_0.282249820027176"	"0.502403079115815_0.497596920884185"	NA
"44"	105	0.000210491592084418	0.0653028499376537	0.063297630033406	0.0169987998416489	0.000210491592084418	0.000319197029735721	0.340415528786679	0.0489101669880799	2.03082764493997e-10	3.14226757649755e-10	0	8.70655733957584e-08	-587.517755424276	"0.0653028499376537_0.344816430308535"	"0.524357639045619_0.475642360954381"	NA
"89"	112	0.000693315900477281	0.0970874045346109	0.0847930300530107	0.027816770072209	0.000693315900477281	0.00287740107494899	0.214052998115334	0.0541424894598982	0.000203190591183274	0.000135889783810567	0.00187446107872402	0.0337091046790302	-618.190763782958	"0.0970874045346109_0.208050097685573"	"0.512207640035567_0.487792359964433"	NA
"98"	118	8.36685485737919e-07	0.233299274184466	0.0443044070437623	0.0309731637951005	0.0861073879022841	0.155263846947614	0.250075402772255	0.0448169893883719	8.36685485737919e-07	1.57811577344572e-07	7.70856711795886e-11	0.000158659017475141	-674.693792414561	"0.0536111895149971_0.233299274184466"	"0.498150328954417_0.501849671045583"	NA
"37"	110	0.0112028449201857	0.0577958437887032	0.0568431340489624	0.0223993202008913	0.0112028449201857	0.0125714497516998	0.275448476195243	0.0496302023585538	3.60061444131316e-07	2.02740859637366e-07	4.08667544249397e-10	5.95129767462303e-05	-605.66364810989	"0.0577958437887032_0.269015536285964"	"0.511401984847055_0.488598015152945"	NA
"74"	90	0.166428930006142	0.0602287519368683	0.0580030099398493	0.0431687017363652	0.166428930006142	0.1824819174141	0.239794499355166	0.0530234393157615	3.17103854627861e-05	1.87863500099234e-05	2.35169448714601e-06	0.00784251255574561	-497.756974248345	"0.0602287519368683_0.232503764924982"	"0.513969942612183_0.486030057387817"	NA
"14"	113	0.24512253003056	0.0326197357231061	0.0364827034681278	0.0279180600770254	0.24512253003056	0.193965020176648	0.267152286584521	0.037107860550521	1.34896747670962e-11	7.38717575633437e-11	0	6.78749806191083e-07	-647.36518794874	"0.0326197357231061_0.279649586456193"	"0.50448022987199_0.49551977012801"	NA
"66"	120	0.270961750954896	0.0305832198025035	0.0352938155169334	0.0276523471897385	0.270961750954896	0.204320446172195	0.253869813551557	0.0378891300265848	5.65073926078545e-10	7.3090106800977e-10	8.34887714518118e-14	3.16511573229726e-06	-680.065164296887	"0.0305832198025035_0.255829450505769"	"0.511861399234675_0.488138600765325"	NA
"22"	100	0.00141254167818209	0.0880262755927561	0.0868086933145907	0.026799354928214	0.00141254167818209	0.00163222559526039	0.247404619552981	0.0499823509426062	2.18007001613057e-06	3.05214826034063e-06	3.8834528481857e-08	0.00463017389113872	-590.64443273708	"0.0880262755927561_0.251472843283617"	"0.52242527651295_0.47757472348705"	NA
"52"	106	2.36650674052781e-07	0.103898311456218	0.104373470540328	0.0187905795959547	2.36650674052781e-07	2.11639545576757e-07	0.278390723541996	0.0374674236546701	2.43730302194471e-11	3.02526792111658e-11	5.07651032322087e-10	3.30102940005769e-05	-623.039984101189	"0.103898311456218_0.280023989690629"	"0.519038279320523_0.480961720679477"	NA
"6"	99	0.090657576276407	0.0454693049595171	0.047410792511061	0.0266092676452057	0.090657576276407	0.0778891816988576	0.262900145969414	0.0383846406605537	6.86791857181202e-10	6.57238586641047e-10	3.46389583683049e-14	3.95453010641021e-06	-579.246114445827	"0.0454693049595171_0.262542761304361"	"0.509903660329077_0.490096339670923"	NA
"61"	92	0.00057632892084447	0.0937158201696936	0.0838573325760153	0.0262654718877692	0.00057632892084447	0.00193603828315725	0.273014599979354	0.0501048638694958	2.84342616787189e-06	4.29304267630165e-07	1.79690422807965e-06	0.000826794780213712	-515.957527302511	"0.0937158201696936_0.250199948004999"	"0.502620808182692_0.497379191817308"	NA
"90"	97	0.00757822459390844	0.0642553633877037	0.0651199024046795	0.0235541699415997	0.00757822459390844	0.00683246665388121	0.305288048388067	0.0488019971204024	1.15304391867923e-08	1.0989063979368e-08	2.66453525910038e-15	9.33385200545166e-06	-546.667339580747	"0.0642553633877037_0.304772140127286"	"0.509179736619787_0.490820263380213"	NA
"29"	105	0.113871588972255	0.0401049714928838	0.04028610145099	0.0251529738400503	0.113871588972255	0.112267635417437	0.271182736975285	0.0463250637510571	3.88097208158868e-08	5.64670619862501e-08	4.96713781217295e-13	1.1854785974982e-05	-595.336184554316	"0.0401049714928838_0.27501129813152"	"0.5253777195949_0.4746222804051"	NA
"45"	90	0.0115519933632706	0.054114730020799	0.0545164367187034	0.0209834375713419	0.0115519933632706	0.0109709158951758	0.295478277738925	0.0485953832609019	4.11763489217978e-08	2.9323688625317e-08	5.99520433297585e-14	5.30689484047157e-06	-520.778827777302	"0.054114730020799_0.291723888787081"	"0.516929302040747_0.483070697959254"	NA
"83"	110	0.00885175245813199	0.0652560385846816	0.0616933599824787	0.0244800618214275	0.00885175245813199	0.0131793130198832	0.337702990483933	0.0740468668101415	5.22141093379312e-05	1.34162094621757e-05	7.66165761945103e-07	0.000401485946786692	-576.84215744795	"0.0652560385846816_0.311919782617305"	"0.585035336376659_0.414964663623341"	NA
"67"	105	2.67726971391999e-10	0.0956193856084542	0.0967259191331557	0.013673446250041	2.67726971391999e-10	1.80706446271862e-10	0.248834256020171	0.0351917165628953	1.93926275316519e-10	1.83522768632501e-10	2.20537406114829e-08	5.60492857029955e-05	-626.630962138214	"0.0956193856084542_0.2484353487514"	"0.534351602930887_0.465648397069113"	NA
"38"	114	3.43066890458011e-06	0.0933539839071137	0.0913799712597296	0.0191088057152353	3.43066890458011e-06	5.27371804347025e-06	0.254053624789153	0.0349066806489029	7.16611328185977e-11	4.80742595053925e-11	7.63681562432339e-10	4.35453178434869e-05	-666.047820957376	"0.0933539839071137_0.251286034543828"	"0.517786504714614_0.482213495285386"	NA
"99"	124	0.0406151178574806	0.057976007364892	0.0594188065254767	0.0280176338181468	0.0406151178574806	0.0359495424498894	0.297383626962773	0.03856144812079	4.61043806359165e-12	3.61347129543126e-12	0	5.96272288066471e-07	-700.118411920934	"0.057976007364892_0.295603052178303"	"0.505253126770518_0.494746873229482"	NA
"75"	89	0.000357744589980184	0.0798552156948736	0.0763453676665635	0.0215022833644522	0.000357744589980184	0.000619821465432377	0.275136986176365	0.0524018074371284	5.8496289567535e-07	1.04185772812435e-06	2.02446770458664e-09	0.000448738661780413	-511.285031584565	"0.0798552156948736_0.282414425908216"	"0.530455187256437_0.469544812743563"	NA
"53"	104	2.30690990238651e-11	0.294934037767235	0.0551758690996702	0.0316037976966694	0.137113168977072	0.0838166838773268	0.288641193073091	0.0393143445707433	2.30690990238651e-11	5.06963148197283e-11	0	3.68553028659927e-06	-600.701876213786	"0.0473520583398606_0.294934037767235"	"0.499502669202558_0.500497330797442"	NA
"15"	111	0.0051086849508027	0.0585641820991674	0.060071409769388	0.0204954374056534	0.0051086849508027	0.0041105190392613	0.334027151160126	0.0500049312504617	1.23796369853032e-09	1.01832081397286e-09	0	3.9929035855423e-07	-614.965617486506	"0.0585641820991674_0.332012205661286"	"0.511583165265187_0.488416834734813"	NA
"23"	107	0.148948271620825	0.0498073270371478	0.0543989850546943	0.0342594216805924	0.148948271620825	0.115297716908652	0.296031277020773	0.0407286078029918	4.01235412786948e-11	6.47778081226453e-11	0	5.62206137318475e-06	-604.527742341547	"0.0498073270371478_0.29997436117994"	"0.500187411516974_0.499812588483026"	NA
"7"	114	0.000216385444159046	0.0754226262243559	0.0761376109999006	0.0197296149720117	0.000216385444159046	0.000189913582222181	0.350921796356082	0.0483697499374437	2.69703861463147e-11	5.40107201176797e-11	0	1.43932650064322e-07	-633.684828183537	"0.0754226262243559_0.35756766523201"	"0.516216117260707_0.483783882739293"	NA
"91"	87	0.309055258507373	0.0289020937360131	0.0300082729906742	0.0282451453949928	0.309055258507373	0.291018307475714	0.307476002697862	0.0556123103519784	5.1379874703334e-07	3.40023940050077e-07	1.53210777398272e-13	8.6491798941195e-06	-485.144090322656	"0.0289020937360131_0.301992191496686"	"0.519286721528132_0.480713278471868"	NA
"68"	101	0.00422588552651243	0.0595775380810198	0.06217874541216	0.0203482611850121	0.00422588552651243	0.00287884202019333	0.298063939443743	0.0501031519152961	1.72582373051179e-08	3.99447999387299e-08	2.22044604925031e-16	1.28888936183335e-05	-582.359001435683	"0.0595775380810198_0.307327051254667"	"0.519984099796284_0.480015900203716"	NA
"30"	117	0.00280829244937973	0.0792639895042026	0.0775588354898469	0.0259610454935665	0.00280829244937973	0.00343299735797153	0.30395704363843	0.0412057609207121	2.54787443841378e-11	2.63296067449533e-11	2.22044604925031e-16	3.34135271157722e-06	-684.889374653947	"0.0792639895042026_0.304221949395107"	"0.506963061560835_0.493036938439165"	NA
"100"	101	3.26718681738892e-05	0.0909759631181633	0.0911461815072914	0.0209069628493655	3.26718681738892e-05	3.16675702637321e-05	0.293340816731465	0.043883296621151	9.03332061659523e-10	1.33655296198411e-09	3.29198890369753e-11	3.18799284767911e-05	-572.334916734059	"0.0909759631181633_0.296977363736361"	"0.529240905955587_0.470759094044413"	NA
"46"	117	5.86732659982769e-06	0.22976811619462	0.0572465849657636	0.0304999533454402	0.0442446012535765	0.063038661219297	0.239130842773922	0.0483702705952123	5.86732659982769e-06	2.60868226082228e-06	5.54127828067408e-08	0.00146907950980537	-650.313169458504	"0.0620333738153104_0.22976811619462"	"0.499096885619785_0.500903114380215"	NA
"84"	97	0.00479344486471131	0.0656317019839249	0.0671333989115563	0.0227270163363345	0.00479344486471131	0.00394613227845742	0.349386804193513	0.0470517462592901	1.14634551509224e-10	4.57219187317259e-11	0	6.60266759684342e-08	-549.325636736058	"0.0656317019839249_0.340343433564955"	"0.512743220640167_0.487256779359833"	NA
"39"	100	0.000854610774458611	0.0919543206256256	0.0893364295428834	0.0267354944900361	0.000854610774458611	0.0011765783279058	0.344208941114736	0.0415031643612419	6.29350809484164e-13	5.61791339336209e-13	3.21223048160846e-11	2.4354183091617e-07	-537.520043133351	"0.0919543206256256_0.343258822072287"	"0.510008973111844_0.489991026888156"	NA
"76"	128	0.000253302421454125	0.0572281142313	0.057825950722713	0.0151991964557813	0.000253302421454125	0.000219765289530834	0.33213800773834	0.0420485229649817	4.02048985127792e-12	1.15511019491735e-12	0	8.50553000780347e-10	-730.137839359071	"0.0572281142313_0.322339837582206"	"0.527056557217982_0.472943442782018"	NA
"92"	112	7.85874048741371e-05	0.0613258898615408	0.061968333355517	0.0149529690670873	7.85874048741371e-05	6.68548234487426e-05	0.324164180641339	0.0399555092830737	5.92870924093344e-13	7.30576987941466e-13	0	7.95073398669785e-10	-641.762887558872	"0.0613258898615408_0.325778356441586"	"0.523381687465713_0.476618312534287"	NA
"54"	104	2.81553602504937e-12	0.129703682175422	0.128526550929129	0.0163655197615452	2.81553602504937e-12	4.03208236927124e-12	0.300042797381568	0.0512543501150166	8.02827933966646e-08	5.75744551944018e-08	1.14295038322609e-07	0.00143352318553596	-608.726140375997	"0.129703682175422_0.296255233495202"	"0.520574148964589_0.479425851035411"	NA
"8"	118	0.00375224498539461	0.0542040273594781	0.0551283675869377	0.0183271423461775	0.00375224498539461	0.00322000089347161	0.23985718860136	0.0346345207184178	2.29528186073145e-10	2.50471816230643e-10	5.74118530494161e-12	2.42519289917825e-06	-703.558831221094	"0.0542040273594781_0.240460685920373"	"0.525422369432246_0.474577630567754"	NA
"16"	106	0.0750004223597838	0.0451611024062443	0.0472265332273182	0.025113001639435	0.0750004223597838	0.0628026786721679	0.287897092892614	0.0428113866511378	1.09064152713453e-09	9.45935286722516e-10	2.63344901441087e-13	1.24110088644196e-06	-596.555672025921	"0.0451611024062443_0.286626072237126"	"0.512569039625308_0.487430960374692"	NA
"31"	101	0.111135454669484	0.0380038400483958	0.03499178454202	0.0236441102572111	0.111135454669484	0.14203377001758	0.198660561762967	0.0460940789239501	2.13861795165015e-05	3.82978526324389e-05	9.7588546132954e-09	0.00158119649985821	-595.299725292932	"0.0380038400483958_0.205635715545752"	"0.512344555857326_0.487655444142674"	NA
"69"	103	0.00498657261941017	0.0674662796361917	0.0670857963845749	0.0235049675277068	0.00498657261941017	0.00522768410075968	0.272016837659159	0.0442992113809035	6.27012884171982e-09	1.5963128234785e-08	3.80682152467671e-11	4.38008138833662e-05	-591.995262590257	"0.0674662796361917_0.280967445658227"	"0.530393911164635_0.469606088835365"	NA
"77"	114	0.000650827330513967	0.0818280202174374	0.0821033812811798	0.0233315819852366	0.000650827330513967	0.000625301533588844	0.310547163368317	0.0425048339207505	3.59826004943116e-11	4.17214559702691e-11	2.44249065417534e-14	2.46009448896002e-06	-642.289916522436	"0.0818280202174374_0.311791768471903"	"0.516437236988972_0.483562763011028"	NA
