"simNum"	"IVsNum"	"P_largestGroup"	"eff_largestGroup"	"eff_mean_minClass"	"sd_minClass"	"P_minClass"	"P_minClass_mean"	"eff_mean_maxClass"	"sd_maxClass"	"P_maxClass"	"P_maxClass_mean"	"corTest_1"	"CHVP_test"	"correct_factor"	"CHVP_test_correct"	"AIC_1"	"gamma_1"	"prop_1"
"3"	99	2.71550526044304e-05	0.116377437784363	0.0332064196949367	0.0331713236145371	0.350062398580648	0.319264136264111	0.113422290248627	0.026426015025644	2.71550526044304e-05	4.16185692951515e-05	0.00018778667994912	0.058570357185677	0.856008169180126	0.0468994268267075	-629.513431737805	"0.0311463758533345_0.116377437784363"	"0.498395209228094_0.501604790771906"
"1"	104	0.356134856917587	-0.0247882750241429	-0.0205891126612808	0.0267426203190993	0.356134856917587	0.443122055109176	0.131960360435746	0.0404271455910148	0.000998843533956657	0.00149060223350903	1.01989527934165e-11	0.00164855951938387	0.891070188174838	0.00133544582339423	-635.522442950772	"-0.0247882750241429_0.136961344687668"	"0.503988988051568_0.496011011948432"
"2"	116	0.661047347849529	-0.0123591777058156	-0.00493385933998515	0.0281142021432066	0.661047347849529	0.861000521070191	0.0493795551256089	0.0284638282702126	0.0513930615936643	0.0854522804726819	0.000741320213528684	0.174596441140715	1.12299012492063	0.200953421159152	-747.450484584732	"-0.0123591777058156_0.0560368091567402"	"0.500073735732542_0.499926264267458"
"5"	99	0.00638646897975397	0.0917180581088601	0.0286358768736292	0.034645261394266	0.170046693237656	0.410502734424984	0.111461983451013	0.0329074499407217	0.00638646897975397	0.00101794275345795	0.0815713461640402	0.0830267176523888	0.854051036668885	0.066902091528906	-609.315252256508	"0.0478873420834925_0.0917180581088601"	"0.498799615696498_0.501200384303502"
"4"	120	0.762633758932317	-0.00976406192647935	0.00643785343874877	0.0322547112414004	0.762633758932317	0.842138620946492	0.129311448111002	0.0359731523938514	0.00010964332169147	0.000473798760280983	3.76809694557778e-13	0.0109865828579041	1.5240347304644	0.0232618681753038	-740.848863702612	"-0.00976406192647935_0.143960315650031"	"0.500691355761933_0.499308644238067"
"6"	119	0.0361709032021726	-0.0527982145759861	-0.0456654567147559	0.0249143546075957	0.0361709032021726	0.0693387586136033	0.185708104008721	0.0286835139995017	3.29882628666016e-10	2.27677171756458e-09	0	1.12982899078908e-09	0.787557720428859	6.48033995282954e-10	-714.430081805134	"-0.0527982145759861_0.196911425555167"	"0.503877672634561_0.496122327365439"
"8"	89	0.547558579049172	0.0195892573218981	0.0177591112550287	0.0324456106237978	0.547558579049172	0.585523671817664	0.0984530792641071	0.0320207259923926	0.00329950334400868	0.00280674666863033	0.00116585632005806	0.076699728488744	0.778314285558755	0.0543581501352953	-548.040466811425	"0.0195892573218981_0.0967299573407468"	"0.500534069119898_0.499465930880102"
"9"	98	0.815435786614567	-0.00534095607981454	-0.00242487210980662	0.0228192622338803	0.815435786614567	0.915592140686802	0.155604002116972	0.0372042829318032	5.11467950988449e-05	6.330811877059e-05	2.86544121763654e-11	0.000293708674277442	0.736895735654929	0.000165615154243188	-605.790618155932	"-0.00534095607981454_0.157726070724071"	"0.503026251546487_0.496973748453513"
"10"	98	0.0762928942350583	-0.0471864054445248	-0.0378079676408963	0.0263355259071897	0.0762928942350583	0.154325704030401	0.17274925726318	0.0386116181364773	7.47881270274121e-06	2.08963394308754e-05	0	6.63483678068302e-06	0.56461025883452	2.18518711687225e-06	-585.904297422333	"-0.0471864054445248_0.182819142191837"	"0.505868150314492_0.494131849685508"
"7"	107	0.0420834602333784	-0.0471559876269972	-0.041209557343844	0.0229180665218704	0.0420834602333784	0.075003629909639	0.122309908241892	0.0400195973521528	0.00166003034822607	0.00283617227044228	1.71107572555229e-12	0.000391528790365196	1.61869959584632	0.00110709998969518	-642.389119647307	"-0.0471559876269972_0.129178179168329"	"0.508728977672968_0.491271022327032"
"11"	98	1.30054049097547e-06	0.158504274614966	-0.0136574034227224	0.0330789212925363	0.421072042603595	0.680610649564469	0.14551094978175	0.0307076162227815	1.30054049097547e-06	7.36671642914944e-06	7.7715611723761e-15	0.000421105265631137	0.842338394432114	0.000303898598130305	-605.503618068653	"-0.0267275183047561_0.158504274614966"	"0.497871131103236_0.502128868896764"
"12"	119	0.00478551452152454	0.0381120189852352	0.0366063307742561	0.0132534490732144	0.00478551452152454	0.00666457794064054	0.0393695824239352	0.013376381877261	0.00516747331880044	0.00391209313551855	0.999816499700613	0.883333541916139	1.12334859602914	0.912154811846182	-802.395699890664	"0.0381120189852352_0.0381170446882045"	"0.5_0.5"
"13"	103	0.864081569284396	-0.00496290060969236	0.000744174657856214	0.0289190927482614	0.864081569284396	0.97952058978398	0.116884556987896	0.0371499644026653	0.00129271716942426	0.00216758238634439	1.21844853318009e-07	0.0136279060565022	0.658524240654113	0.0070729209784916	-620.837857485054	"-0.00496290060969236_0.122945484435847"	"0.503530960033581_0.496469039966419"
"14"	100	0.464637711218152	0.0234779266931417	0.0297726307913942	0.0319829834482737	0.464637711218152	0.354175088650314	0.122651848638106	0.0350440123071565	0.000390191406423055	0.000699210648815733	5.99433725656517e-06	0.0502730389455242	0.966562086618495	0.0478222768653094	-625.728745384783	"0.0234779266931417_0.128684522309656"	"0.500630543183169_0.499369456816831"
"15"	94	0.046635491854766	0.0785245627745755	0.0521601939976772	0.0389416797986368	0.046635491854766	0.183690430239179	0.106752059181068	0.0377352013715525	0.0375744827581351	0.00572005426085881	0.964212612828762	0.31405147518519	0.910887800596188	0.285270788376433	-588.51990747652	"0.0785245627745755_0.0796079918544874"	"0.500000000082036_0.499999999917964"
"16"	109	0.117425513407479	0.0345838272288842	0.0410118550938085	0.0219123285054896	0.117425513407479	0.0639631601023163	0.135762983876027	0.0392584060328673	0.000439844718501604	0.000779187691155167	1.03018614963091e-05	0.035076941105341	0.904594078477931	0.0301328261808416	-666.841564004	"0.0345838272288842_0.142378322251778"	"0.515678119371799_0.484321880628201"
"17"	104	0.451728610593239	0.0199857014689048	0.0216291557002238	0.0264568539728885	0.451728610593239	0.415515216094169	0.148478191027337	0.0328342570075221	1.67515475141118e-05	1.64276596297192e-05	7.53637576789146e-08	0.00262751950540285	0.70682874811059	0.00144404335939747	-640.634443176511	"0.0199857014689048_0.148315434479055"	"0.502853855372046_0.497146144627954"
"20"	107	0.0287614643205898	0.0580687086103513	0.0440532391161326	0.0284953984693669	0.0441874387094095	0.125090470589508	0.0729879505081576	0.0261929809292834	0.0287614643205898	0.00631357550509899	0.998717950561559	0.454716773476869	0.964855601214183	0.440863622189622	-683.847583625201	"0.0580324388997433_0.0580687086103513"	"0.499999999999967_0.500000000000033"
"18"	115	0.000925420088124262	0.088118802980265	-0.000330012655534922	0.0313337539880613	0.813027523431292	0.991615102857401	0.0817620325761305	0.0259071184763162	0.000925420088124262	0.00204653700045283	5.61946976618266e-06	0.0434724484718749	0.725411614104292	0.0272731622957834	-726.010528496286	"-0.007428311512692_0.088118802980265"	"0.497440577771465_0.502559422228535"
"19"	115	0.000331641699983092	0.086223333031864	0.037279739709566	0.0287548231208675	0.254481771006516	0.197432183813439	0.0819224565534915	0.0232937497003019	0.000331641699983092	0.000627780247877851	0.0137242482756079	0.22767614140541	1.15200640184544	0.267157196419557	-727.107552472521	"0.0329330257713001_0.086223333031864"	"0.496201510769537_0.503798489230463"
"22"	112	7.75071887883956e-09	0.163438949755185	-0.012606323478789	0.0303915393279963	0.416860971848708	0.679091007812293	0.152600371005982	0.0261436891104777	7.75071887883956e-09	5.3574776507831e-08	0	3.77255931976343e-05	1.0084650227425	3.84012424650291e-05	-691.623268705102	"-0.0247667889083984_0.163438949755185"	"0.49587205175485_0.50412794824515"
"21"	121	0.530887512265616	0.0180726910770627	0.0226705721348548	0.0287564412392525	0.530887512265616	0.432037876294816	0.118767905467693	0.0320816987779207	0.000207754915496982	0.00032440456162266	3.95249985629675e-07	0.0257141203448223	0.774973536155941	0.017405599072195	-767.57389139162	"0.0180726910770627_0.122765787011986"	"0.500749360774702_0.499250639225298"
"23"	106	0.593477112386478	-0.0135269488772443	-0.0101484540083472	0.0252631839551208	0.593477112386478	0.688714498331728	0.0999404687537181	0.0325722608613628	0.00201849241959707	0.00273944902782006	4.07588137019133e-07	0.00756950108129595	0.822727943637709	0.00545906998719859	-658.217523931679	"-0.0135269488772443_0.103147744819125"	"0.50416133383365_0.49583866616635"
"24"	88	1.03556611250757e-06	0.162681886454436	-0.0029095100391712	0.0443069540072697	0.678542753845094	0.947793513579086	0.144973104115825	0.0309488111760121	1.03556611250757e-06	1.02870600238953e-05	4.70556926757126e-12	0.0062143328193558	0.931715313227248	0.00550070876951546	-537.621265572509	"-0.0184251071502197_0.162681886454436"	"0.49501270939286_0.50498729060714"
"25"	113	0.618443781975703	-0.0135981491280337	-0.0104129923437758	0.0272263760949501	0.618443781975703	0.702845203598809	0.147372380604197	0.0350387431313564	4.14458574134091e-05	5.25844802896854e-05	6.17594864138482e-12	0.000376739582162241	0.776354229464467	0.000234072890355455	-690.445540718546	"-0.0135981491280337_0.149547563310831"	"0.501524186139395_0.498475813860605"
"26"	93	0.000483402643555943	0.135130469575156	0.0226607599346179	0.039024792959678	0.814762931630845	0.56287857263134	0.121220013831854	0.0373402241931576	0.000483402643555943	0.00163125221442989	1.58906080072185e-07	0.068033095349043	0.785543330062175	0.0485840298297534	-578.542369430067	"0.0091692158923541_0.135130469575156"	"0.499937182875523_0.500062817124477"
"27"	87	0.00506147391887429	0.104076296221537	-0.0231168612787626	0.0452665785208878	0.459570777685962	0.610881641737287	0.0951025459829365	0.0361749301385363	0.00506147391887429	0.0101437681004454	5.6802510250975e-08	0.0413323649636428	0.677665619232062	0.0235149807616233	-530.708495413147	"-0.0336282388831937_0.104076296221537"	"0.497719492502474_0.502280507497527"
"29"	98	0.107572402038215	0.0464056310478597	0.0313766643379167	0.028570882484876	0.107572402038215	0.27483384222836	0.0608983340500267	0.0292058786710451	0.115164730095516	0.0396827596744543	0.999252991910434	0.469947614071492	1.02520007192162	0.479868766516779	-622.745456561226	"0.0464056310478597_0.0464275339691357"	"0.500000000000028_0.499999999999972"
"28"	116	0.245266514348981	0.0239687402357407	0.0268126805630229	0.0205231039842981	0.245266514348981	0.19400191964097	0.0579128472826363	0.0250478155661733	0.0161573684865441	0.0225523835414105	0.0752169014970969	0.336845558995086	0.773804251370615	0.259754827487787	-761.159755898776	"0.0239687402357407_0.0611499113016486"	"0.500445044685036_0.499554955314964"
"30"	119	0.147249349563501	0.0389697104590061	0.0343137253996312	0.0267117016206175	0.147249349563501	0.20144987339366	0.114467577483766	0.0290233783268889	0.000234484934829104	0.000136443830589985	0.00291304776027079	0.042147103864522	0.767329413774726	0.0285965142741044	-734.60034871766	"0.0389697104590061_0.110146235618952"	"0.503944286701313_0.496055713298687"
"32"	103	4.1831747294374e-06	0.142190118815205	-0.000771625004253132	0.0395513689834652	0.598853243453876	0.984472820130114	0.123441797615095	0.0292296809927559	4.1831747294374e-06	5.24508396967822e-05	3.17967874252645e-13	0.0115473569218067	0.73315846248296	0.00700969566231268	-635.330554451195	"-0.0208712796038_0.142190118815205"	"0.496344967306467_0.503655032693533"
"31"	104	0.63529047389307	-0.0170770261167589	-0.0154944178212055	0.0358981978739094	0.63529047389307	0.666918976261066	0.0850935589747844	0.0369379080884779	0.0225312889847096	0.0232484508433811	1.90370743684554e-05	0.0508367200199335	0.592559982597669	0.0243809748178167	-633.986666937141	"-0.0170770261167589_0.0855535873775018"	"0.500897188137153_0.499102811862847"
"33"	105	0.462625867359479	-0.0220016047928654	-0.0148196898362955	0.0298424982620068	0.462625867359479	0.620521440957858	0.110780969008495	0.0424855753438241	0.00553942943358734	0.0104613017392552	5.1436204184796e-09	0.0155564683433167	0.891584251817895	0.0129216108409389	-646.350225158968	"-0.0220016047928654_0.12036100511636"	"0.501505599926383_0.498494400073617"
"34"	100	2.52991944847303e-06	0.184786512061872	0.02627531930809	0.0383953909396678	0.810481100585077	0.495362378594626	0.168283427971015	0.0369919334482086	2.52991944847303e-06	1.5299644940062e-05	7.59392548843607e-14	0.00773297834045009	0.91092244828001	0.00660042140099421	-613.145872537588	"0.00923204940580741_0.184786512061872"	"0.498854759780921_0.501145240219079"
"35"	128	0.549732624517043	-0.0162499818777652	-0.00685391295969985	0.0270939951451125	0.549732624517043	0.800701972666217	0.159138552752945	0.0292226716196722	7.15649007424779e-08	2.56817317794619e-07	0	3.10811069463479e-05	0.929174593407233	2.66769573303506e-05	-788.631789018894	"-0.0162499818777652_0.167226208951519"	"0.50125178131262_0.49874821868738"
"36"	105	0.379199784346253	-0.0220734660622366	-0.0195731763411677	0.0249944196412674	0.379199784346253	0.435346947575082	0.114997936943311	0.0352319397247762	0.00115915323961771	0.00148709635473439	2.61440349369479e-08	0.00183780627597809	0.741271877256457	0.00108373641021637	-635.429114629699	"-0.0220734660622366_0.11772059276454"	"0.508198506206071_0.491801493793929"
"39"	97	0.00664832677397091	0.0808679556576788	-0.00296994963034943	0.0374228896247083	0.714518155469116	0.936910012530536	0.0727194876689472	0.0291488407716205	0.00664832677397091	0.0143119415178921	6.0264044289049e-05	0.110571826456316	0.868394883308505	0.0918561723251525	-615.157209122556	"-0.013729599810001_0.0808679556576788"	"0.499841005220197_0.500158994779803"
"38"	100	0.802236015307019	-0.00946068072218808	-0.0161950697774826	0.0376728141146171	0.802236015307019	0.66821178542293	0.105646115153093	0.0347715951979245	0.00513122580329427	0.00304268150989965	1.15666721556273e-05	0.0174729828378854	0.858527822093276	0.0136974059264262	-608.988942854641	"-0.00946068072218808_0.0995307768867573"	"0.500540666862684_0.499459333137316"
"37"	103	0.002321759170497	0.124263168017931	0.00202330298057905	0.0405366198775796	0.7791529076801	0.960289353509916	0.135595631713035	0.0397748230214758	0.002321759170497	0.000934640423300902	2.5330872013285e-05	0.0186735328015314	1.00523682199799	0.0188321249361668	-620.640716485648	"0.0113975057294291_0.124263168017931"	"0.499829910927061_0.500170089072939"
"41"	86	0.536758811121568	-0.0198178398263275	-0.000407545499063353	0.0319518621215006	0.536758811121568	0.989853161042704	0.0617360493591818	0.0335754740061325	0.0187106866610919	0.0694479731219618	2.73543829143463e-05	0.179993834893995	0.708890175507755	0.11923092900415	-551.310998294444	"-0.0198178398263275_0.0804881878311058"	"0.500113733512908_0.499886266487092"
"40"	91	0.574916658280934	-0.0124998934243868	-0.011712948422096	0.0222070608835456	0.574916658280934	0.599184173503442	0.0957981448867492	0.0361624483417837	0.00924824742984538	0.00953166415809935	1.1079239530476e-05	0.0112947715792802	0.695962176838521	0.00632578680505059	-570.326784444498	"-0.0124998934243868_0.0961958624119545"	"0.506535691241543_0.493464308758457"
"43"	102	0.000730416274158951	0.0964970692454141	0.0121672249652842	0.0353400880815773	0.852535294307505	0.731344307848047	0.0924670903814504	0.0276923536532713	0.000730416274158951	0.00117824302367817	0.000109918210811522	0.0736931084917033	0.759137354946127	0.0504092441069811	-648.362335412264	"0.00658602236821984_0.0964970692454141"	"0.498844910328379_0.501155089671621"
"42"	113	0.180675812755581	-0.0376205310380746	-0.0325045686264485	0.0279276030783941	0.180675812755581	0.24694331417035	0.063391646847726	0.03713814080958	0.0692837464283491	0.0906088903713806	3.8796580823508e-06	0.0390420125772	0.733119468361536	0.0247483947788959	-695.062121922749	"-0.0376205310380746_0.0681175864490227"	"0.502536749440103_0.497463250559897"
"44"	96	0.38783095129508	-0.0325471705777936	-0.0234464225985957	0.0375165136760008	0.38783095129508	0.5334937817839	0.192756366607096	0.0458976767535768	2.633706733474e-05	6.02574278817868e-05	0	0.000265152118731064	0.755200269793261	0.000155945860258889	-552.928600639312	"-0.0325471705777936_0.202809397188576"	"0.501498697479818_0.498501302520182"
"45"	99	0.369883332184054	-0.0205508024628312	-0.0187081800191818	0.0228130020603954	0.369883332184054	0.414168301157994	0.141367624739556	0.0394043248169722	0.000519663800534232	0.000522871521546433	4.15311340873359e-10	0.000438593459164018	0.938553016510562	0.00038790784741114	-592.711412753867	"-0.0205508024628312_0.141439234076891"	"0.505742553796781_0.494257446203219"
"46"	124	0.164941095812034	-0.0423488575885099	-0.025999375207707	0.0303150281512188	0.164941095812034	0.392759418345085	0.110587754275685	0.0398319177311303	0.00201029607457833	0.0063573642069637	5.32907051820075e-15	0.00635849745135444	0.771272843561115	0.00411477465885064	-763.824862852921	"-0.0423488575885099_0.125717286178439"	"0.502034301568562_0.497965698431438"
"47"	94	0.464589160720211	0.0323221581071066	0.0147419949877758	0.0440152609817752	0.464589160720211	0.73843277241683	0.145933507348812	0.0469744760120056	0.00761604556281306	0.00250924447384141	0.000789930083655133	0.0415524724152464	1.04220757096232	0.0442304395472958	-550.571638362902	"0.0323221581071066_0.128151339671147"	"0.500038217904848_0.499961782095152"
"48"	119	0.951730985840376	-0.00110340640866296	0.000512680445910033	0.0181894045851333	0.951730985840376	0.977561685006714	0.117542831858423	0.0340136155659636	0.000717290885546147	0.000763409551646971	3.18133464238812e-07	0.00241263118748328	0.85015172438424	0.00180631059719672	-725.841934116601	"-0.00110340640866296_0.118171376916286"	"0.512636298111483_0.487363701888517"
"49"	111	0.150332876898969	0.0472311025101046	0.0238841169883227	0.0333759318320273	0.160451380133024	0.47574909183422	0.0706422262341195	0.0326077977971064	0.150332876898969	0.0324371268168996	0.997598244836656	0.316301324453614	0.756012594620677	0.23668134351525	-702.932768340786	"0.0471633437280272_0.0472311025101046"	"0.499999999999948_0.500000000000052"
"52"	97	0.292914221722336	-0.030055253993432	-0.0176394422501894	0.0284196801201096	0.292914221722336	0.536282947582972	0.134239885034603	0.0338713417982338	2.6032305335129e-05	0.00014221771235666	5.15143483426073e-14	0.000592475330171486	0.775682827404216	0.000370077417443562	-605.001955994452	"-0.030055253993432_0.149691477121087"	"0.504533355797152_0.495466644202848"
"50"	104	0.37460249942347	-0.030075593094366	-0.0154905243249247	0.0337262755452671	0.37460249942347	0.646985657993864	0.122682897305852	0.0377257970574037	0.000370778348559966	0.00154972822003279	1.02140518265514e-12	0.00632344745192343	0.734312520726345	0.00378194971779895	-643.310137406358	"-0.030075593094366_0.138899491140062"	"0.500644883505121_0.499355116494879"
"51"	101	0.898174935086511	0.00613719373557424	-0.00327173388791826	0.0478374051933016	0.898174935086511	0.945609524722749	0.160845404621283	0.047049703125348	0.0014987255890624	0.000911901996615591	1.47659207971884e-07	0.0144472877488977	0.758655414303881	0.00930625120233561	-593.216643469202	"0.00613719373557424_0.153624056135276"	"0.500034613216261_0.499965386783739"
"53"	101	0.834554654516919	0.00933696342751304	0.0288720180229891	0.0445871220794513	0.834554654516919	0.518765303314848	0.148603475845037	0.0381012214661742	2.45853613946108e-05	0.000174231066569912	7.35085325942464e-11	0.0412022341997509	0.89893544261978	0.0351514742566581	-616.618163727108	"0.00933696342751304_0.168609005285247"	"0.500209223594929_0.499790776405071"
"54"	94	0.932710028732791	-0.00295123102442399	-0.0104353178483739	0.0348579090893543	0.932710028732791	0.765327825414339	0.0852011580870553	0.0339611358964513	0.0220865305386114	0.013845884155095	0.000810394861854302	0.0493982686319622	0.710111182182873	0.0302602572355616	-587.432876963341	"-0.00295123102442399_0.0790577693483655"	"0.500700988266771_0.499299011733229"
"56"	104	0.864928339862105	0.00513933795366213	0.0143418742017865	0.0301375471898559	0.864928339862105	0.635167242254524	0.118421858666381	0.036869978560206	0.000616838822088091	0.00175998080180365	1.24600991746604e-07	0.0288423436736017	0.874096715690053	0.0234543956467316	-635.739763020477	"0.00513933795366213_0.130256729370733"	"0.503945086127936_0.496054913872064"
"55"	108	0.2641632869242	-0.0340558812165098	-0.0257560972937964	0.0303393718518424	0.2641632869242	0.397813809244866	0.12033086784815	0.0354429348409496	0.000454338386064393	0.000963583745780159	3.3353320105789e-12	0.00174078793855591	0.872170857895775	0.00135798920360767	-664.301603131793	"-0.0340558812165098_0.128244987261662"	"0.501273313074399_0.498726686925601"
"57"	96	0.673062482136555	0.0091821537856217	0.0163826322942593	0.0216939019739447	0.673062482136555	0.452013841645242	0.08820421468448	0.0338659382974933	0.00580759675763956	0.010678562826876	0.000148786187873506	0.0741340711052308	0.886151923425425	0.0626476987813905	-608.921364822473	"0.0091821537856217_0.095579343543683"	"0.506467363269914_0.493532636730085"
"59"	109	2.7374585873306e-05	0.134218284407764	0.0177180101702038	0.0338188344987432	0.734908864574734	0.601414956396871	0.127538728403053	0.0306305458728117	2.7374585873306e-05	6.316969129255e-05	1.49434868923493e-08	0.0160905960255048	0.739993277455304	0.0100111009698398	-680.680245734362	"0.0114807531506892_0.134218284407764"	"0.499089077686129_0.500910922313871"
"58"	121	0.262400035263315	-0.0380590119225911	-0.0270437744822355	0.0337993092024375	0.262400035263315	0.425217776192675	0.147900751876839	0.0385232238553677	6.7969972430524e-05	0.000198490064371053	0	0.000641020417079279	1.24547937858734	0.000997265757436939	-735.299946014557	"-0.0380590119225911_0.15901309118128"	"0.503048233798234_0.496951766201766"
"60"	111	0.128849384954901	0.0507596890743951	0.0236735311316638	0.0331729280261012	0.128849384954901	0.4769611826064	0.0841830564903006	0.041100668291806	0.219245278085919	0.0429198618403712	0.999291711484795	0.251948292085189	0.863348087028203	0.214141162395722	-674.060830706552	"0.0507596890743951_0.0507833558488663"	"0.500000000000039_0.499999999999961"
"61"	101	0.000962913330892563	0.111011634649625	-0.0116364026337734	0.0320436388837209	0.719464719550275	0.717265037051147	0.109372986638801	0.0326309024363858	0.000962913330892563	0.00113418368314345	3.17674280658764e-07	0.00814601353456222	0.685045503811887	0.00440348838076848	-627.331777823792	"-0.0115417971536795_0.111011634649625"	"0.499598118785527_0.500401881214473"
"62"	118	0.823796627516099	-0.0065498766919288	0.00660372671909583	0.029349991965475	0.823796627516099	0.822372346803125	0.144978602847415	0.0372303530146517	4.36747798154436e-05	0.000164496829413381	3.73034936274053e-14	0.00351373952104827	1.19261950384913	0.00486633254280738	-722.804859895482	"-0.0065498766919288_0.158119426884893"	"0.501985899809658_0.498014100190342"
"64"	102	4.58033682030134e-05	0.13224350855833	0.00354669789405356	0.0327735629070911	0.859922798742192	0.914037258058723	0.121258521874852	0.0310368713592539	4.58033682030134e-05	0.000169185501628851	4.69946970227397e-09	0.00911128863083774	0.894207841866303	0.00755403634092057	-635.562468440438	"-0.00579841283502075_0.13224350855833"	"0.499642528822137_0.500357471177863"
"63"	113	0.595746364560134	-0.0165498743949985	-0.00846108047366059	0.0311059610110983	0.595746364560134	0.786116409681321	0.125638170939797	0.0343022506973618	0.000141701600328876	0.000382707577123194	1.31716859641529e-12	0.00378011860916844	1.13712960886209	0.00478079200597262	-699.865282926824	"-0.0165498743949985_0.135178513334468"	"0.50149373913189_0.49850626086811"
"66"	102	0.123901152458873	-0.0489948582827771	-0.0357701171703916	0.031578284647629	0.123901152458873	0.26000362684075	0.152610994374379	0.0363297389073049	1.10222582724327e-05	5.74716139651841e-05	0	9.09494273444791e-05	0.974830865640317	8.63299854072924e-05	-614.318373704321	"-0.0489948582827771_0.168111022257308"	"0.50427112784984_0.49572887215016"
"65"	98	0.301032003759702	0.0282814764057143	-0.00194740321876289	0.028429118007596	0.928645073526896	0.94552838702674	0.0327014516191941	0.027199766061599	0.301032003759702	0.232185845623269	0.247201267717885	0.378513684416411	0.746235537615905	0.284810553067449	-619.963706384859	"0.00255244112293718_0.0282814764057143"	"0.499808585575519_0.500191414424481"
"67"	109	0.0613174547182917	0.0442657486134709	0.0222877026736053	0.0228320280526641	0.0741481488583754	0.331166848165187	0.063046025385236	0.0234098875855182	0.0613174547182917	0.00820775029415926	0.787177505508191	0.212613224855478	0.825660125137098	0.170352295058498	-672.598500038977	"0.0411702766801084_0.0442657486134709"	"0.493664186080058_0.506335813919942"
"68"	95	0.801148227541807	0.00785875899402625	0.0216302133104595	0.0311145706229754	0.801148227541807	0.488657736871475	0.0995768070259033	0.0339001433449138	0.00127486444510355	0.00416304523540167	8.99790156028146e-06	0.0902735688413886	0.955601243898979	0.0848572105627919	-596.62428261301	"0.00785875899402625_0.112610009881735"	"0.500341597866921_0.499658402133079"
"69"	113	0.35764927421022	0.0249103438636743	0.0146440537585011	0.0284647065479254	0.383512088016541	0.60794164306568	0.0362141123267112	0.0269691837548918	0.35764927421022	0.182053090637727	0.999762068243515	0.582258319967323	0.766438402793039	0.475987080362875	-708.916083827795	"0.0249031703402222_0.0249103438636743"	"0.499999999999998_0.500000000000002"
"70"	120	0.0383691738826372	-0.0483616548731091	-0.0388717146641738	0.0230937056328056	0.0383691738826372	0.0949548762064161	0.163948556471655	0.0344307022379948	9.67266335018543e-07	5.46139743263072e-06	0	9.97411245689278e-07	0.924831728707194	8.38505066711335e-07	-732.731205688787	"-0.0483616548731091_0.177921839184232"	"0.513228178241255_0.486771821758745"
"74"	95	0.613745966284043	0.0184789003539485	0.0352684984586487	0.0364891103296511	0.613745966284043	0.336249940283142	0.110383297817113	0.040388784794498	0.0021853849232802	0.00749815443530927	2.41392738176138e-06	0.167584767661767	1.05474161338963	0.178874203135267	-592.985860010002	"0.0184789003539485_0.127250216511914"	"0.500593900969538_0.499406099030462"
"72"	111	0.342211402834647	0.0258254645294797	0.0150629108068565	0.0270727457657085	0.342211402834647	0.579076762220272	0.0629676488468615	0.0270027690564641	0.0543293359848278	0.0215267929092871	0.188786570272514	0.210267269729142	0.903472569881307	0.186915259688338	-679.534165241615	"0.0258254645294797_0.0525199802334156"	"0.505896627208758_0.494103372791242"
"71"	118	0.741189202523345	-0.0124599427819673	-0.00108331771085911	0.0376361852643816	0.741189202523345	0.977085949821371	0.146030064725143	0.0418379675238709	0.000283279751224428	0.000681046503155457	1.084021761244e-12	0.00894424411738076	1.05831727446054	0.00985920108195722	-705.100535334311	"-0.0124599427819673_0.156605924049579"	"0.500205100225752_0.499794899774248"
"73"	100	0.658819802953773	-0.014306360594604	-0.00740873359331054	0.0323031254739246	0.658819802953773	0.819069772733405	0.116061442640483	0.0428170945592308	0.00500069231644276	0.00791695062173329	3.45289645764524e-08	0.0213344986488072	0.874785977942157	0.0172799369923453	-616.470567384624	"-0.014306360594604_0.122939019170097"	"0.501796815489137_0.498203184510863"
"75"	106	0.712067695986377	0.00978674179247688	0.0165181328929702	0.0264448761101769	0.712067695986377	0.533572105837298	0.074951513036897	0.0328514828946936	0.0150615171598375	0.0245350377764865	0.00126539516224655	0.165878899859417	0.717907361919695	0.110841688964088	-681.716128991291	"0.00978674179247688_0.0811930581243535"	"0.500469760427592_0.499530239572408"
"79"	95	0.00803506278699307	0.0667420598174663	0.0621557417989388	0.0225144337040568	0.0038428081672309	0.00693530006837266	0.0722101788149999	0.0246433564353544	0.00803506278699307	0.0042516814199737	0.999996323546849	0.763250229481168	0.767910722076437	0.660940845495024	-584.411473992129	"0.0667419352089517_0.0667420598174663"	"0.5_0.5"
"76"	110	0.0385604862083298	-0.0776321795351632	-0.0553237851922026	0.0370700959695283	0.0385604862083298	0.138480453640099	0.117366945103933	0.04247041813597	0.000922132853685737	0.00671495580474079	0	0.00218872095065095	0.750331574864884	0.00132211158599741	-661.134975226085	"-0.0776321795351632_0.144679733155923"	"0.50431096447624_0.49568903552376"
"77"	115	0.000238069173814043	0.109096609991279	0.0164318593478866	0.0313290633279221	0.897856603071493	0.600954409467948	0.0959312515221992	0.0287470806414629	0.000238069173814043	0.00114376284642312	1.43431498766944e-06	0.0615230401986848	0.992854871192417	0.0608917797167961	-717.987667593986	"0.0040306700237402_0.109096609991279"	"0.499819868972735_0.500180131027265"
"78"	122	0.602047846237374	-0.0115238223275134	-0.00992305053813666	0.0220411958902683	0.602047846237374	0.653368408426359	0.147674570666873	0.0341421278441084	2.51671126846944e-05	3.15068526157702e-05	6.29496454962464e-13	0.000105308406768068	0.663762031411825	4.84831916247252e-05	-744.513605762894	"-0.0115238223275134_0.149619778178423"	"0.505002706087343_0.494997293912657"
"80"	100	0.0337122925805101	0.0472871854857902	0.0398008734827217	0.0219588857057296	0.0337122925805101	0.0729371071382977	0.102541796505927	0.0331633470678304	0.00526257712590613	0.00258270743899474	0.081070093390565	0.114698676980593	0.911772009269328	0.101631271101129	-610.635858729946	"0.0472871854857902_0.094638997174696"	"0.5080648541315_0.4919351458685"
"81"	101	0.0797607655630464	-0.0599948169491888	-0.0484200600348618	0.0338937545680756	0.0797607655630464	0.156240031531999	0.125581494769958	0.0425685895800818	0.00151562817969297	0.00395652516162056	6.66133814775094e-16	0.00138508373163393	0.683257184678675	0.000708437438047409	-611.433477523956	"-0.0599948169491888_0.138842721078406"	"0.502488686689922_0.497511313310078"
"83"	118	0.581579311601944	0.0174505458219498	0.0321628487670136	0.0315779594715843	0.581579311601944	0.310531424416119	0.114551084228543	0.0346972873285057	0.000286288994472732	0.00127581045034004	4.74726480348409e-08	0.0790719542513415	1.09549252418379	0.0898457088264872	-746.385640225771	"0.0174505458219498_0.129774037134675"	"0.500869106182163_0.499130893817837"
"82"	112	0.0156754897367589	0.101453354035317	0.0476585997806958	0.0413437514735537	0.0895248727275583	0.251493507257424	0.1249203774497	0.0413394142466024	0.0156754897367589	0.00311980898155176	0.185023684345027	0.186339336331958	1.0976197269929	0.20824823101332	-698.14651700026	"0.070817258670736_0.101453354035317"	"0.499968470777921_0.500031529222079"
"84"	110	5.37781612929678e-05	0.135576434181097	0.000709105638047416	0.0377377928026501	0.806195147835553	0.985042719453324	0.123810467138156	0.0322439857490612	5.37781612929678e-05	0.000207055443185459	7.11702252687019e-10	0.0131367500898248	0.96996381548911	0.012490337338438	-679.405328504579	"-0.00928103957246032_0.135576434181097"	"0.499503531853918_0.500496468146082"
"86"	101	0.318382001686411	0.0237822164434709	0.0273573232796526	0.0237160213575835	0.318382001686411	0.251439420514969	0.102679204073792	0.0300928641041874	0.000483116206637558	0.000931731552995743	0.000223002212558221	0.0493142178034936	1.14691687890345	0.0605284532833442	-644.888095116034	"0.0237822164434709_0.108588059603363"	"0.503010742080945_0.496989257919056"
"85"	116	9.75871219014994e-07	0.14450167257471	-0.0416422837194523	0.0330863557701592	0.121003069539868	0.210726163537294	0.134417775917366	0.0279213153744764	9.75871219014994e-07	4.53684622208481e-06	0	4.76866859930682e-05	0.917494462686451	3.99570719308679e-05	-711.066389467564	"-0.0516854780732983_0.14450167257471"	"0.4982227424725_0.5017772575275"
"89"	92	0.0506086910929452	-0.0573129396552999	-0.0445993426928654	0.0289311033047388	0.0506086910929452	0.126648320949173	0.174321161723268	0.0330513264206135	1.27080049006333e-07	8.94623136976116e-07	0	6.22927217358626e-07	0.682386471307329	2.79819935374373e-07	-546.659642732929	"-0.0573129396552999_0.189483254611026"	"0.509073427409808_0.490926572590192"
"88"	107	0.994372493865838	-0.000188426252343613	0.0116175499816121	0.026652477089626	0.994372493865838	0.663802903431651	0.0652438734930224	0.0319752776506331	0.0180008781550969	0.0437914314673913	0.00031009446754382	0.197651677692332	1.45659812726019	0.306547941324721	-684.165307901431	"-0.000188426252343613_0.0768351124060746"	"0.500343752252112_0.499656247747888"
"87"	120	0.789228833292032	-0.00859454298480338	-0.00424353411770045	0.0320794039919816	0.789228833292032	0.894984496018669	0.104831919590766	0.041180226882674	0.00992435049302347	0.0121841523946491	4.36983249363365e-07	0.03665865901872	0.938063105908229	0.0332754615805544	-736.242076697543	"-0.00859454298480338_0.107913561843773"	"0.500998401909911_0.499001598090089"
"90"	106	0.989267044589109	0.000350329934702005	0.00538114774345865	0.0259806899157191	0.989267044589109	0.83631646983804	0.0882262371689764	0.033993909419741	0.00701820761045308	0.0108009807890701	2.37548546213606e-05	0.0528312324964366	0.80919063944048	0.038958940796884	-666.706314998754	"0.000350329934702005_0.0934847417142396"	"0.502576050993975_0.497423949006025"
"91"	109	0.925540781783296	-0.00250055879052065	0.00225388505805538	0.0266939422810667	0.925540781783296	0.932867430756277	0.116694271901542	0.0351642357614889	0.000876773787007132	0.00123401237239142	2.60894574832804e-07	0.00953728177755969	1.47838204682729	0.0192192199481834	-661.659891921109	"-0.00250055879052065_0.120357452175005"	"0.505627472116454_0.494372527883546"
"93"	100	0.000420431114608617	0.118297629187981	0.0400885038016117	0.0343901173062222	0.485502295917276	0.246537209857581	0.102744454167651	0.0324071828638583	0.000420431114608617	0.00202628500568881	2.43773008739012e-05	0.184856273908227	0.802546120033137	0.142173913223853	-629.437248856989	"0.0240767711912754_0.118297629187981"	"0.499659366053626_0.500340633946374"
"92"	119	0.362871116506739	-0.0247554078887741	-0.0139900978507575	0.0271011452494156	0.362871116506739	0.606668200435102	0.148252525682161	0.0341572621279975	8.68446771728304e-06	3.02112101908909e-05	0	0.000198486227960707	0.801496360894888	0.000129578009441688	-740.094654156024	"-0.0247554078887741_0.158871815236729"	"0.503304291538896_0.496695708461104"
"94"	101	0.321569435042982	-0.0204055507812248	-0.0158065785686374	0.0204838973454203	0.321569435042982	0.442136255529387	0.0755077943352192	0.032756470676486	0.0175606527330183	0.0232258419482055	9.67061796330881e-06	0.0180991732746258	0.796768636201003	0.0126480638371647	-623.6752084096	"-0.0204055507812248_0.0791004313567217"	"0.507997428440089_0.492002571559911"
"95"	118	0.463861096685741	0.0197737828669647	0.0293275347878475	0.0269061772880456	0.463861096685741	0.277956227102674	0.0695443927295967	0.0266879843029908	0.00341734234965357	0.0103560339289573	0.003622740594865	0.28859367573646	0.667632170689004	0.187270761252731	-775.138897714628	"0.0197737828669647_0.0797564545152152"	"0.500051287863626_0.499948712136374"
"96"	114	0.00143180483680487	0.0983014789076141	0.0230536383813785	0.0323605563204494	0.642145212632289	0.477685917604341	0.0910800324387442	0.0300734410409349	0.00143180483680487	0.00304486828186987	0.000118571224770214	0.12359546381176	1.1604278380752	0.150065255862261	-716.0644212335	"0.0150785362623796_0.0983014789076141"	"0.499143601700615_0.500856398299385"
"98"	113	0.411594970064168	-0.0254910342166857	-0.0131954286228178	0.0309293603899307	0.411594970064168	0.670466930863804	0.18670188285492	0.0352476515219	1.03424550813744e-07	5.95115159563244e-07	0	2.0190619443734e-05	0.822900119906828	1.35433844051555e-05	-693.84723841121	"-0.0254910342166857_0.200532827499301"	"0.504854788262468_0.495145211737532"
"97"	105	2.55141397347667e-06	0.154378352506269	0.0011848120457602	0.0461656259463111	0.862946795675455	0.979574217581884	0.143025157162812	0.0310079276693873	2.55141397347667e-06	1.13741486100174e-05	6.92816914948935e-11	0.010756565990141	1.07697915937418	0.0122031285187005	-634.406001056819	"-0.00798906047914722_0.154378352506269"	"0.496705975889883_0.503294024110117"
"99"	111	0.116359419116204	-0.0413526356884719	-0.0359323487525963	0.0261277988645343	0.116359419116204	0.171847246111714	0.10602512665916	0.039312535252461	0.00622720511062132	0.00809856532714704	2.97839974905401e-10	0.00263516229666234	0.830899778885129	0.00189871422085454	-688.322616615615	"-0.0413526356884719_0.109653506731899"	"0.502417419379828_0.497582580620172"
"100"	101	0.693539021426412	-0.0097460342789308	-0.0042773663909611	0.0246611853394224	0.693539021426412	0.86265203716995	0.139777265058731	0.0389534527556918	0.000364322817306372	0.000517319316033233	3.93607368920357e-10	0.00178057486707309	1.15205866219185	0.00233046587986368	-626.033350319382	"-0.0097460342789308_0.143764231006808"	"0.503093456320846_0.496906543679154"
