"simNum"	"IVsNum"	"P_largestGroup"	"eff_largestGroup"	"eff_mean_minClass"	"sd_minClass"	"P_minClass"	"P_minClass_mean"	"eff_mean_maxClass"	"sd_maxClass"	"P_maxClass"	"P_maxClass_mean"	"corTest_1"	"CHVP_test"	"AIC_1"	"gamma_1"	"prop_1"
"1"	99	0.0717359790309046	0.0426870895773798	0.0468656390954556	0.0234480976461056	0.0717359790309046	0.0484111079962107	0.31911194198663	0.034526287797926	1.58679826274195e-15	5.33193419451732e-15	0	6.88750656398603e-11	-579.719868730315	"0.0426870895773798_0.327487686506422"	"0.516210301347264_0.483789698652736"	NA
"9"	104	2.49268954779578e-05	0.218359004216885	0.0942114670606917	0.0417305999615056	0.0319516573596477	0.0260797687307803	0.213457183737686	0.049453145731754	2.49268954779578e-05	3.6538779909512e-05	3.67032921433363e-06	0.0653519147746029	-603.524221720942	"0.0907458725006234_0.218359004216885"	"0.499861215082838_0.500138784917162"	NA
"85"	97	0.0614028757725881	0.0558507365855482	0.06531821059748	0.0295076261138469	0.0614028757725881	0.0292240535999653	0.319638370909258	0.0365814774747928	1.1881854610471e-14	7.63202364859662e-14	0	6.2609322298988e-08	-553.968604980927	"0.0558507365855482_0.333422492124864"	"0.50591830740851_0.49408169259149"	NA
"78"	103	7.98843531017365e-16	0.341439514540059	0.109869633116832	0.0317406993730372	0.00366459992951395	0.00078606353384686	0.324378381501306	0.0357451789985229	7.98843531017365e-16	9.06198132800979e-15	0	7.21357965500927e-06	-617.302943686883	"0.0944091991767678_0.341439514540059"	"0.495004016307768_0.504995983692232"	NA
"40"	105	7.75945810823558e-22	0.346306220938146	0.0569049715202468	0.0361538622121681	0.228780123748581	0.118532489296382	0.33589043367551	0.0283301192787563	7.75945810823558e-22	4.99167759894265e-21	0	1.24798606457815e-09	-590.956903376563	"0.0437690672024745_0.346306220938146"	"0.499994904895033_0.500005095104966"	NA
"17"	93	0.00113767417309381	0.154326261388769	0.14530056703157	0.0459367476170812	0.00113767417309381	0.00211567803355	0.270354134142107	0.0296981947734212	6.83752300541439e-14	1.75866158626868e-14	2.17097800805366e-05	0.022245974971332	-556.436581408791	"0.154326261388769_0.262025049312987"	"0.500254494441912_0.499745505558088"	NA
"47"	110	9.28525978794049e-17	0.344334024507793	0.176605336901752	0.0516743521176051	0.0114529691329091	0.000888973655603338	0.296590181264223	0.0349499115243702	9.28525978794049e-17	1.17754006909648e-13	2.22044604925031e-16	0.054438086988156	-645.979092345657	"0.13291365653617_0.344334024507793"	"0.496411039828799_0.503588960171201"	NA
"55"	101	0.00217059553039814	0.125268088780965	0.13700541059094	0.0397994566828586	0.00217059553039814	0.000843226766442283	0.322094004072959	0.0355122985664673	1.85705497302683e-15	1.08036420221536e-14	1.33226762955019e-15	0.000520460248662849	-601.893476513371	"0.125268088780965_0.334500699448589"	"0.500053605937682_0.499946394062319"	NA
"70"	108	0.00352400666668974	0.106667944043319	0.118174128669795	0.035745280300791	0.00352400666668974	0.00128868490276951	0.29958126800731	0.0372846052697737	1.57784382519587e-13	1.32654850534949e-12	0	0.0004445072812178	-643.130385728633	"0.106667944043319_0.315110297715702"	"0.501845988968146_0.498154011031854"	NA
"93"	101	0.0114309077044603	0.097927209553903	0.0971394610501927	0.0380027932773793	0.0114309077044603	0.0120892337696684	0.239837093542486	0.0489616979794706	3.62890136123527e-06	3.72436422620348e-06	2.03043390589741e-06	0.0213162620865055	-600.717406887355	"0.097927209553903_0.240146986284622"	"0.50082392693775_0.49917607306225"	NA
"24"	99	0.00725755515034978	0.0930210665300875	0.105947533489042	0.0339230001947731	0.00725755515034978	0.00235259223739696	0.331765351663383	0.0385927570634132	1.94347394815843e-14	1.33162797442206e-13	0	1.10858899966427e-05	-577.263504927493	"0.0930210665300875_0.346693048093502"	"0.501589612967808_0.498410387032192"	NA
"62"	117	0.000648228319316029	0.140595382841352	0.163729714628384	0.040104014026741	0.000648228319316029	8.21682083115672e-05	0.306399328122378	0.0501007384972448	1.33519435220214e-09	1.33339063963335e-08	1.2330136911487e-12	0.0262065099235274	-677.170869943242	"0.140595382841352_0.330307300814181"	"0.50103169506273_0.49896830493727"	NA
"32"	111	7.29230490081523e-12	0.316573396804529	0.149552105471079	0.0450902197554883	0.00135547274922957	0.00123476523655015	0.317778379062082	0.0412587041517975	7.29230490081523e-12	6.28656153627485e-12	4.68181049484429e-11	0.00591450760575662	-648.176248919391	"0.148254361195344_0.316573396804529"	"0.499966344352507_0.500033655647493"	NA
"79"	117	1.73266115857473e-19	0.310466934247387	0.175795543038237	0.0384045142123137	2.38325630136069e-05	1.1895139177185e-05	0.302833471379594	0.0284704961639578	1.73266115857473e-19	7.42999281024164e-19	5.2027582242431e-10	0.00787628850719219	-712.828823572669	"0.169118977642488_0.310466934247387"	"0.495848088015089_0.504151911984911"	NA
"2"	93	0.000255522016004208	0.13831828034654	0.136664255771573	0.036355587166525	0.000255522016004208	0.000299274655477749	0.303183922665321	0.0419648570278493	3.39046006594379e-10	1.42578623427445e-10	6.99008553262104e-08	0.0027075715041566	-539.079130244452	"0.13831828034654_0.295413085944746"	"0.504999986749358_0.495000013250642"	NA
"48"	95	0.00372747292605813	0.117322565094174	0.120373860889182	0.0394406535802625	0.00372747292605813	0.00295511367954751	0.314980005871846	0.0393261232136086	8.96446872312207e-13	3.05056099672866e-12	7.14983627858601e-14	0.000475767695935883	-553.741341477135	"0.117322565094174_0.324925147812714"	"0.502225717892978_0.497774282107022"	NA
"94"	108	2.08177838301322e-10	0.296609736203922	0.119101109337391	0.042864760177666	0.00991573154608996	0.00645068561136758	0.287772539715665	0.0422286612403121	2.08177838301322e-10	5.77379542751305e-10	5.93902704792981e-12	0.00506040323946549	-637.260900284211	"0.112547076627529_0.296609736203922"	"0.498339867509043_0.501660132490957"	NA
"86"	94	6.2113476725059e-09	0.330441985641584	0.11664381103243	0.0365167634713094	0.00501582222157445	0.00191432159139545	0.32458058448685	0.0516277504042311	6.2113476725059e-09	1.03892487866976e-08	2.52686760404686e-13	0.00100822376705457	-540.849813179934	"0.104965965119479_0.330441985641584"	"0.499241477453878_0.500758522546122"	NA
"41"	122	2.15861254575656e-32	0.390824213096665	0.0593257916440317	0.0323561499518671	0.111758287200151	0.0691823147156636	0.383068989059814	0.0239251426059647	2.15861254575656e-32	1.14013774255288e-31	0	8.61602091980791e-16	-692.775247005421	"0.0518352530521949_0.390824213096665"	"0.490606014956908_0.509393985043092"	NA
"18"	127	7.06306443038857e-10	0.267813221189086	0.16055283127411	0.0446535492081155	0.000594231195317011	0.000463175499169205	0.260919984069367	0.0401217142319161	7.06306443038857e-10	1.66953316274206e-09	2.4439226581574e-05	0.0945383414760537	-746.690623401089	"0.157334351206928_0.267813221189086"	"0.499691505065666_0.500308494934334"	NA
"33"	101	0.209193692524694	0.0255264690429492	0.0330429546001677	0.0201961181128701	0.209193692524694	0.104961446799969	0.394294144496545	0.0450347766367194	1.82128086424103e-14	5.25253235553688e-14	0	2.49273352441369e-13	-559.150761824332	"0.0255264690429492_0.403788310667632"	"0.543835531219624_0.456164468780376"	NA
"10"	124	2.36644475286536e-13	0.315745759147602	0.13109751143066	0.0343253549444065	3.1647732352753e-05	0.000211139977710476	0.320722657717609	0.0383977330852342	2.36644475286536e-13	1.17643340104857e-13	1.86326110096502e-09	0.000231604220585593	-713.331017919076	"0.148334128870419_0.315745759147602"	"0.497182743154723_0.502817256845277"	NA
"63"	109	1.89180083124163e-20	0.308013264535848	0.117114761034589	0.0393768141635421	0.00473598684256858	0.00362391421691656	0.299321743528	0.0268014107666167	1.89180083124163e-20	1.02670640532646e-19	8.88178419700125e-16	0.000130628308451606	-654.759118344367	"0.113574893109191_0.308013264535848"	"0.496944236212742_0.503055763787258"	NA
"56"	115	5.78312750856894e-06	0.176235489478503	0.179515808181108	0.0370421631772319	5.78312750856894e-06	4.00372115499284e-06	0.284727970630615	0.0457363948560915	9.08725547985393e-09	8.23526900955703e-09	9.60679806563114e-05	0.0738336268919411	-681.939603709241	"0.176235489478503_0.283781051435528"	"0.502788384082912_0.497211615917088"	NA
"71"	124	2.04074045495738e-22	0.34369594445754	0.212324944624356	0.0454877162810711	1.15620505603125e-05	7.82897009460279e-06	0.342854596506493	0.0286648556248493	2.04074045495738e-22	2.4029413537172e-22	2.34492356643301e-08	0.0151938135727815	-735.834454791239	"0.208004330180449_0.34369594445754"	"0.497455660168692_0.502544339831308"	NA
"25"	113	1.00170344363769e-08	0.25426438294936	0.165856287723419	0.0459630162801169	1.13553628104489e-05	0.000461834545913431	0.29909057764721	0.0410578065430372	1.00170344363769e-08	4.81397058491709e-11	0.133545911105127	0.0306322725182971	-668.997458906499	"0.211262102607838_0.25426438294936"	"0.499784412995329_0.500215587004671"	NA
"57"	116	0.000551333340812321	0.077213380466861	0.0823743658678038	0.0217249659830445	0.000551333340812321	0.000240021495249292	0.322780965182474	0.0274345576794448	3.36486751022493e-22	1.85158990578052e-21	0	6.4291950947249e-12	-694.218667608888	"0.077213380466861_0.33149588015356"	"0.509447607864835_0.490552392135165"	NA
"49"	99	6.85988928751452e-23	0.32222876858985	0.0582497287556728	0.039021182321184	0.161619364120109	0.138709350593796	0.317867678364722	0.0249369519260995	6.85988928751452e-23	1.5924654649706e-22	0	2.06775747098121e-08	-572.421880661695	"0.0550312957475254_0.32222876858985"	"0.49705744247973_0.50294255752027"	NA
"87"	109	9.30584363416705e-08	0.113423890064618	0.117958848522523	0.0198046529712481	9.30584363416705e-08	3.27538558314673e-08	0.343908813952078	0.028332687064968	9.59343991706712e-23	6.63038864878715e-22	0	6.30426848385771e-11	-654.019579957751	"0.113423890064618_0.354535942011029"	"0.509034445777487_0.490965554222513"	NA
"95"	115	5.30553606955737e-13	0.288491610760086	0.134870736772629	0.0327921039250639	2.89603617800599e-05	7.40480378538725e-05	0.303630235155312	0.0354100148534784	5.30553606955737e-13	5.61515806816373e-14	1.84388604385077e-08	0.000470947776004356	-676.984121680262	"0.142882836211284_0.288491610760086"	"0.497244350007256_0.502755649992744"	NA
"3"	110	0.0073541644686636	0.0886558668411155	0.115158622634646	0.0324559361130838	0.0073541644686636	0.000573565153632226	0.252026337818928	0.0361636101133523	5.27434510963403e-12	2.55373700042858e-10	0	0.00485251692914494	-665.424530197147	"0.0886558668411155_0.28008939572844"	"0.501867223328181_0.498132776671819"	NA
"80"	99	2.58881931591156e-14	0.339465597857246	0.0466376702195229	0.0413032587466965	0.355684388163465	0.261589990184541	0.328407440727995	0.0380317850357139	2.58881931591156e-14	1.09986724283944e-13	0	5.20718789410336e-07	-536.652999172286	"0.0383296783789501_0.339465597857246"	"0.499519596813475_0.500480403186525"	NA
"11"	112	0.000643382348358815	0.0917707607808213	0.101922185356046	0.026127757463972	0.000643382348358815	0.000164618321686791	0.359027627965888	0.0358983916125727	6.27929086191382e-18	3.55806563413405e-17	0	7.01055332449943e-09	-644.285052251789	"0.0917707607808213_0.3707466019791"	"0.504209701254554_0.495790298745446"	NA
"19"	124	5.19364827921312e-20	0.337520058230064	0.0820843246928904	0.0336247008540753	0.0193331829397539	0.0160623921334168	0.327243456145457	0.0306903531719997	5.19364827921312e-20	3.37502949702318e-19	0	7.23788492978317e-08	-717.070163936338	"0.0796972256867167_0.337520058230064"	"0.499859421144533_0.500140578855467"	NA
"34"	105	9.87461463921598e-15	0.313890882020787	0.0584467697411936	0.0360653941893463	0.205448581793276	0.108136508837292	0.304990632579907	0.0347640407423484	9.87461463921598e-15	3.6562956073131e-14	0	8.57609384800182e-07	-600.942980426212	"0.045952881010555_0.313890882020787"	"0.493913658030731_0.506086341969269"	NA
"42"	98	0.00670210518083156	0.102918732575028	0.0988564526261128	0.0371434805525698	0.00670210518083156	0.00910654167860201	0.349444652539362	0.0405387543692819	3.17397554326318e-13	1.27023375669005e-13	3.88578058618805e-14	5.1733004324225e-06	-543.341460183228	"0.102918732575028_0.341926030351955"	"0.502287324800244_0.497712675199756"	NA
"26"	89	0.017108432441763	0.0668029230389661	0.0721245574732445	0.0274854353762083	0.017108432441763	0.0102412080607632	0.332715449583516	0.0379779768166929	6.45675290438692e-14	1.27586812453251e-13	0	2.71905103944811e-08	-511.527904445389	"0.0668029230389661_0.338173375981552"	"0.504681188419625_0.495318811580375"	NA
"64"	121	2.94661720442396e-14	0.325334844564352	0.11348535578489	0.0371485189484719	0.00458947772005121	0.00277435960067816	0.317590251984933	0.0376724557973829	2.94661720442396e-14	8.90635433462023e-14	0	0.000114434229223562	-705.491321050555	"0.107315149337455_0.325334844564352"	"0.498966664677323_0.501033335322677"	NA
"50"	106	0.0103195457792815	0.109511929799864	0.118120008502944	0.0419262222473707	0.0103195457792815	0.00578679265334995	0.288951214792893	0.0403217408550552	1.58469758949723e-11	1.11152358263197e-10	3.2218672174622e-13	0.00331617451142717	-621.335588859049	"0.109511929799864_0.304849745986455"	"0.500720973089035_0.499279026910965"	NA
"20"	101	2.90578049882911e-23	0.361757042861826	0.0728957895196835	0.0382930006902141	0.119947253506061	0.05983331840437	0.35958980536948	0.0277784324712674	2.90578049882911e-23	4.24623364083225e-23	0	1.35927695517389e-09	-591.784111031595	"0.0600586697596828_0.361757042861826"	"0.491201025427196_0.508798974572804"	NA
"58"	97	0.00291068391705396	0.129147429601999	0.140849033927562	0.0422696951120085	0.00291068391705396	0.00122474389468229	0.28668596268578	0.0437485970404312	5.22964907715407e-10	2.80682546691238e-09	7.22577553347037e-12	0.016515118699722	-571.331020969355	"0.129147429601999_0.302434222318239"	"0.503044104659396_0.496955895340604"	NA
"96"	117	1.19219117631398e-15	0.304937679454699	0.122645216658143	0.0479093651618936	0.0165704557854912	0.011754083789678	0.293139363502707	0.0328804453511866	1.19219117631398e-15	8.18934041663872e-15	1.04805053524615e-13	0.00334475450870296	-679.714436416428	"0.116486902954836_0.304937679454699"	"0.497681096745619_0.502318903254381"	NA
"35"	107	0.00649352035016993	0.0921991528474393	0.104134175821807	0.0332040214093792	0.00649352035016993	0.00221549822187306	0.291592239896346	0.0400271879089126	1.35619815565847e-11	5.97171700030701e-11	4.44089209850063e-16	0.000312745180777393	-627.129031515898	"0.0921991528474393_0.303530553968101"	"0.504713625480637_0.495286374519363"	NA
"72"	120	4.02338032386876e-19	0.365964055973254	0.123825080483678	0.0361403982133171	0.00136317091120857	0.000840818570091942	0.353951508338442	0.0342118339664293	4.02338032386876e-19	2.77337928004784e-18	0	3.759718823765e-06	-690.073206352048	"0.11853023597382_0.365964055973254"	"0.498603511162959_0.501396488837041"	NA
"4"	107	0.00188648122969555	0.0816566036459584	0.0856040808351818	0.0256179242870384	0.00188648122969555	0.00115141880430942	0.306199218615259	0.0448118468604056	3.59706328708043e-10	5.44662608459806e-10	1.33226762955019e-15	1.92307907834975e-05	-618.084231986559	"0.0816566036459584_0.310032460264653"	"0.503959098779006_0.496040901220994"	NA
"51"	98	0.00120189569120476	0.0966585696856084	0.103571618631054	0.0289661694516842	0.00120189569120476	0.000546851725330829	0.355250227642126	0.0323776655094606	2.76672006137693e-19	1.08379737057777e-18	0	6.90506125920791e-09	-572.907540848023	"0.0966585696856084_0.36422290048315"	"0.501431328898401_0.498568671101599"	NA
"88"	113	0.0484819665305169	0.0788539964056032	0.0870347447165806	0.0395277258707947	0.0484819665305169	0.0297246603925022	0.299614137409031	0.0524514021927338	2.87565815441484e-08	9.31710810783119e-08	0	0.00120922837640896	-634.094279652772	"0.0788539964056032_0.313021437076808"	"0.501603897426506_0.498396102573494"	NA
"43"	93	7.07575280803453e-08	0.297000545077877	0.0880721923740574	0.0522706562543309	0.0908435949788192	0.0953923100536436	0.289437507607041	0.0506655499781873	7.07575280803453e-08	1.35660155413615e-07	1.28739850113746e-07	0.00567191283168657	-508.819249414959	"0.0893246054758601_0.297000545077877"	"0.499918524535546_0.500081475464454"	NA
"12"	117	5.27082131198225e-25	0.341590234427392	0.0624720449547875	0.0384376627102061	0.159890141436945	0.106816419913643	0.332636605150267	0.0257476610648279	5.27082131198225e-25	3.34512498131302e-24	0	5.23338327781875e-09	-673.846193680881	"0.0543705453376209_0.341590234427392"	"0.496126006238355_0.503873993761645"	NA
"65"	107	0.00417700308455547	0.0961062724866231	0.0941978498292584	0.0328239142810725	0.00417700308455547	0.00495895348726505	0.261604648424662	0.0451967172428689	1.00740558202273e-07	7.31920431401419e-08	1.68752967155683e-09	0.00272660397629223	-624.495806515962	"0.0961062724866231_0.258401319367103"	"0.501970427901745_0.498029572098255"	NA
"81"	116	2.21458798876188e-10	0.259091520870873	0.157630898279195	0.033464733333165	2.08283714598463e-07	6.97107271399356e-06	0.290252063015638	0.0372189109390052	2.21458798876188e-10	3.11576524161578e-12	0.00361134554987919	0.00805625406244018	-692.653982181414	"0.184879199071734_0.259091520870873"	"0.49969689784493_0.50030310215507"	NA
"21"	118	1.0822839918348e-38	0.37928441540375	0.120955765445014	0.0404257246281153	0.00312467907858087	0.00338046008149879	0.375925368155372	0.0193862494203666	1.0822839918348e-38	2.40272159686554e-38	0	1.29290126205892e-08	-682.14647273474	"0.121998974521872_0.37928441540375"	"0.489070450015342_0.510929549984658"	NA
"36"	100	0.000903052827334873	0.138429167875619	0.144422348499685	0.0404449369187595	0.000903052827334873	0.000551106905034194	0.250409252728803	0.0440796061420994	5.98404969515566e-08	1.34833813616219e-07	4.46322350189376e-06	0.0764490933118382	-597.910616916773	"0.138429167875619_0.258475575307645"	"0.500553792583669_0.499446207416331"	NA
"59"	99	4.5378432234015e-14	0.243938321303408	0.1363661285474	0.0373574237349393	0.000272694433720051	0.000422368423844319	0.246523694923198	0.0276789476645417	4.5378432234015e-14	2.8500744106931e-14	2.10091570820303e-05	0.0178227266211676	-603.92585523565	"0.141087063154401_0.243938321303408"	"0.498480375524779_0.501519624475221"	NA
"27"	97	0.00348200949969053	0.13455713024811	0.135130454682838	0.0449140522494781	0.00348200949969053	0.0033512127267597	0.37438874826877	0.0474644833044568	4.07033607413106e-12	4.90501260146131e-12	9.76996261670138e-14	0.000250854840081419	-542.569100987064	"0.13455713024811_0.376209975641452"	"0.500518618250846_0.499481381749154"	NA
"89"	115	5.54362548002952e-30	0.348731730417	0.113316831377897	0.0345103590406324	0.00172671793497904	0.00136152532581811	0.341464593769691	0.022402910429927	5.54362548002952e-30	2.82439594010497e-29	0	2.93852355997712e-08	-679.323462798264	"0.110764386325482_0.348731730417"	"0.496576326530178_0.503423673469822"	NA
"73"	106	3.09812795456449e-06	0.141310427852003	0.139558313791781	0.0286673780348931	3.09812795456449e-06	3.99002852524502e-06	0.343967829778524	0.0422283854347819	1.07322736900154e-12	8.39350124419528e-13	1.30144783838659e-11	6.20413583954677e-05	-604.737875998373	"0.141310427852003_0.341916613655749"	"0.506865917010728_0.493134082989272"	NA
"97"	106	0.000455283196259131	0.114356525169164	0.119273466393066	0.0315907093626897	0.000455283196259131	0.000264824426972074	0.356289008412975	0.0410756476403049	1.2669747716747e-14	5.68923154304754e-14	0	4.78648543644398e-06	-609.319935336651	"0.114356525169164_0.368318236755654"	"0.502295620169296_0.497704379830704"	NA
"5"	113	2.29705164828274e-05	0.125299971772016	0.121124810167397	0.0283510742438714	2.29705164828274e-05	4.07718189732944e-05	0.340256632478438	0.0441363503303656	6.40036798008193e-12	5.57893352807306e-12	2.22044604925031e-16	2.94973814872124e-05	-662.98383565302	"0.125299971772016_0.339071371182356"	"0.502267900880067_0.497732099119933"	NA
"52"	109	2.08515892107031e-34	0.360165138695742	0.0627622717010176	0.0442752536488752	0.260626755862947	0.159201567482339	0.354047908032167	0.0199441131350663	2.08515892107031e-34	8.35550417190363e-34	0	1.99174728423123e-09	-625.957749021925	"0.0500682969516546_0.360165138695742"	"0.480007384404466_0.519992615595534"	NA
"37"	102	0.0720457655348342	0.0621302730525646	0.0794447232560037	0.0341771889594158	0.0720457655348342	0.0221008993998578	0.302410083594194	0.0380933811991753	2.46876453378023e-13	2.9210506139506e-12	0	1.32058757222476e-05	-606.606559391652	"0.0621302730525646_0.321270789182794"	"0.506885305641535_0.493114694358465"	NA
"82"	107	8.80473994001716e-18	0.266570817836128	0.161673155703308	0.042133248802117	0.000178776837047074	0.000211841835431354	0.269162068322727	0.0257414282779407	8.80473994001716e-18	5.22002235590716e-18	1.94426935040681e-05	0.0294793059578411	-653.807272261956	"0.163667326171311_0.266570817836128"	"0.498345214201828_0.501654785798172"	NA
"44"	95	0.00251380660325333	0.0967170675364481	0.111771962808051	0.0311473941126828	0.00251380660325333	0.000530595279514644	0.316897020020434	0.0503702985194589	3.07700666267412e-09	9.88987795648763e-09	0	0.000532953462745186	-566.309888220643	"0.0967170675364481_0.329782089977813"	"0.506207305220158_0.493792694779842"	NA
"60"	113	5.63320501507133e-07	0.118898327856794	0.118260849004042	0.0223939242268368	5.63320501507133e-07	6.3802574444451e-07	0.334981178526609	0.0318787631901119	1.0179746514455e-18	2.184702407056e-18	0	2.65343048535408e-08	-673.484181657256	"0.118898327856794_0.339542543918408"	"0.503212037484308_0.496787962515692"	NA
"66"	118	0.000321238781219155	0.140552750195039	0.152354576551183	0.0379089146439762	0.000321238781219155	0.000103795720904233	0.331421333814202	0.0362847061462084	1.33409454064422e-15	2.3797171282688e-15	1.99840144432528e-15	0.000643946108906727	-688.000882341226	"0.140552750195039_0.335311585578649"	"0.500933601393092_0.499066398606908"	NA
"28"	96	3.27262213558689e-13	0.309712685441316	0.132372763484173	0.0524517753309334	0.0348474335497067	0.0132720255680292	0.292317341076463	0.0366283554764166	3.27262213558689e-13	3.30702911589052e-12	2.8643754035329e-14	0.0124157154894679	-562.823518958713	"0.112290433837332_0.309712685441316"	"0.49711968653401_0.50288031346599"	NA
"13"	127	2.11790601641792e-05	0.17115156758557	0.151609897458007	0.0387346106773477	2.11790601641792e-05	0.000147717133291661	0.243199852606848	0.0386260872810683	4.7989380857448e-08	4.64154972728308e-09	0.0655641786142893	0.094065020546257	-737.371741289587	"0.17115156758557_0.224435721810443"	"0.502420208974146_0.497579791025854"	NA
"22"	124	0.0013230711403029	0.113440708599777	0.122104340443636	0.0345191568746987	0.0013230711403029	0.000571013706836831	0.322561242017739	0.0264768301235419	6.68874794777714e-24	6.99097553413123e-23	0	4.06981284175177e-06	-735.358493002385	"0.113440708599777_0.33376517955297"	"0.500036093508642_0.499963906491358"	NA
"83"	112	0.00874590060967241	0.0705157535073846	0.0798966065464532	0.026419197610272	0.00874590060967241	0.003097388910759	0.321938372366932	0.0335561741885104	2.4753424577427e-17	3.08758878538859e-16	0	1.45034473577189e-08	-662.031635826016	"0.0705157535073846_0.337894679183573"	"0.512213202512202_0.487786797487798"	NA
"38"	105	4.69750143262195e-13	0.304744183940404	0.092663245428207	0.0381146219090026	0.0666115238184971	0.0167602678884519	0.28850420638764	0.0368453672356875	4.69750143262195e-13	4.31623056233745e-12	0	0.000220533177294224	-632.556950856249	"0.0706543401367292_0.304744183940404"	"0.498686409234863_0.501313590765137"	NA
"74"	120	7.3114210622764e-13	0.318419622200217	0.13138616532954	0.0427372929803306	0.00303895120633334	0.00261731045839973	0.307089327751628	0.03958648275378	7.3114210622764e-13	3.29604642525696e-12	2.24265050974282e-13	0.00256015358310222	-709.193972041471	"0.129317056726843_0.318419622200217"	"0.497108449741075_0.502891550258925"	NA
"90"	108	0.00520389459112493	0.0887503072495439	0.0908850551520693	0.0311104798756136	0.00520389459112493	0.00425170196427285	0.388309649590002	0.0383252041351991	2.08448694138242e-17	2.56180157957097e-17	0	1.68815555546378e-09	-601.487433652598	"0.0887503072495439_0.389823623009706"	"0.500891844855197_0.499108155144803"	NA
"53"	113	0.000111165809453628	0.154502570017931	0.155036745865436	0.0385602852215074	0.000111165809453628	0.000105607227962293	0.279023621986341	0.0444767067018002	8.49460847310807e-09	6.83523201069936e-09	4.99276854526443e-07	0.0351785986595927	-677.322758620386	"0.154502570017931_0.276986591913798"	"0.500998679233608_0.499001320766392"	NA
"98"	122	5.69214118380026e-23	0.400163119618801	0.0709578170454471	0.0334109578131112	0.0732737126375417	0.0357238612704478	0.38994857223808	0.0326242743986501	5.69214118380026e-23	3.19609043754392e-22	0	8.43036144744299e-12	-672.283410206555	"0.0603679401245712_0.400163119618801"	"0.495773839914642_0.504226160085358"	NA
"6"	115	3.23155873792969e-10	0.263880262072096	0.161209685353606	0.0462225922917644	6.49093149138953e-05	0.000693130591964783	0.293658351055014	0.0382928374482466	3.23155873792969e-10	6.33569482595171e-12	0.00724448848306425	0.0273421194532172	-661.449842643101	"0.191719300362516_0.263880262072096"	"0.498205941408556_0.501794058591444"	NA
"45"	124	6.82287784821148e-18	0.348315912604496	0.135825170421927	0.0453711193443947	0.0110953325029731	0.0033329703757982	0.336249892516782	0.0344042988162875	6.82287784821148e-18	4.80583765637034e-17	0	0.000431690414059141	-720.174697112964	"0.116998228674014_0.348315912604496"	"0.493666442834461_0.506333557165539"	NA
"67"	106	1.26220805370888e-09	0.299935716781514	0.113069903359066	0.041914231590082	0.00922893730263554	0.00813748070001135	0.295333739927635	0.0450045168625324	1.26220805370888e-09	2.05555774245359e-09	7.32747196252603e-13	0.00304008374051768	-632.204233451673	"0.111178289486985_0.299935716781514"	"0.498722257143085_0.501277742856916"	NA
"23"	98	4.21413498307352e-10	0.209324706015245	0.185384490630259	0.0301151776481394	4.21413498307352e-10	1.6836858601188e-08	0.239307024380414	0.0297819243289297	9.63754439148311e-11	2.25772773752184e-12	0.856295286280864	0.202971910039672	-589.259371884828	"0.209324706015245_0.216238547408459"	"0.505758306418865_0.494241693581135"	NA
"99"	106	0.02709795704592	0.0647151443751213	0.0718157469533407	0.0288714563928668	0.02709795704592	0.0144407381186596	0.314595566552486	0.0285699060649591	3.17076374070424e-20	3.30133160095551e-19	0	2.27023124612197e-09	-637.84508638265	"0.0647151443751213_0.327617370396863"	"0.513598740773467_0.486401259226533"	NA
"14"	97	7.87184414916589e-06	0.130614716573851	0.136147196915906	0.0276445930689981	7.87184414916589e-06	3.51044412259191e-06	0.333407384101538	0.0395826765140582	1.49116641163914e-13	3.58764180838985e-13	8.88178419700125e-16	4.3942828894571e-05	-567.746435285771	"0.130614716573851_0.340478105819864"	"0.506454221792424_0.493545778207576"	NA
"29"	115	3.20848663390669e-05	0.242931583141111	0.148436071811653	0.0428330909107101	2.63562842962403e-06	0.000747027079549499	0.304693224717668	0.056091375569551	3.20848663390669e-05	3.19360016466694e-07	0.294254504867928	0.0268260865680341	-678.447063049002	"0.211844092011085_0.242931583141111"	"0.499187004201126_0.500812995798874"	NA
"75"	111	0.0532385501913831	0.0687843041876648	0.0821840578942655	0.0352015942094521	0.0532385501913831	0.0213756150555782	0.312373083534824	0.0364942661779438	8.82770560661753e-15	7.60149098131972e-14	0	5.63125466403627e-06	-655.093747402566	"0.0687843041876648_0.327411991866948"	"0.503050508603104_0.496949491396896"	NA
"39"	129	2.18007271118537e-32	0.355401491325466	0.0543412076005431	0.0357265123598051	0.21236495912563	0.130718032617519	0.35148969935137	0.0221770261517424	2.18007271118537e-32	5.61221909981892e-32	0	1.58835039461842e-12	-742.588043396619	"0.0447776233199633_0.355401491325466"	"0.484882618242757_0.515117381757243"	NA
"61"	115	5.26038270260518e-08	0.261677416382055	0.128111217492095	0.0414569927147228	0.00139623940939804	0.00251362428416838	0.274285104945795	0.0448857539308399	5.26038270260518e-08	1.41800609810664e-08	8.9370064149108e-06	0.0167428664711914	-659.812606032956	"0.135803924944546_0.261677416382055"	"0.492437631627629_0.507562368372371"	NA
"54"	102	1.81237104896229e-13	0.351183490168106	0.134578351003402	0.041714926230384	0.0047087785073189	0.00169147444844549	0.338339262070977	0.0413382427309319	1.81237104896229e-13	8.58620305185645e-13	0	0.000521299293926489	-601.128369339381	"0.120577275650959_0.351183490168106"	"0.49693170127591_0.50306829872409"	NA
"84"	110	1.04077447952038e-07	0.242447295226003	0.177429009299354	0.0459027127011039	4.38081392936528e-05	0.000188910920930866	0.263701268785168	0.0425449583874612	1.04077447952038e-07	1.04134802733375e-08	0.132615745854311	0.16806829033259	-620.176676389058	"0.242447295226003_0.195473450639321"	"0.504546048458328_0.495453951541672"	NA
"91"	124	3.43813601762218e-06	0.161256961359045	0.164899486881128	0.0331505540969408	3.43813601762218e-06	2.15144660082053e-06	0.245880567568271	0.0339393000873832	2.08374845443787e-11	4.15598983664819e-11	0.000452247244620452	0.0878379898964732	-741.488327995003	"0.161256961359045_0.250397796364685"	"0.508524805125511_0.491475194874489"	NA
"68"	97	0.000694805486840874	0.106101183810867	0.116428766522313	0.030268103356139	0.000694805486840874	0.000215550985113714	0.343626102229371	0.0296608830724895	3.66940646881211e-21	6.16940477959497e-20	0	8.26878875193382e-08	-570.06927746013	"0.106101183810867_0.36091279619135"	"0.506542153216497_0.493457846783503"	NA
"46"	108	8.99204782017364e-06	0.248925078660556	0.136575560954918	0.0423604061306782	0.000108962293137687	0.00167567533132781	0.290016175144293	0.0533668088498881	8.99204782017364e-06	3.48473501046026e-07	0.00377099259925662	0.0243223657363223	-647.846038574717	"0.170249569971612_0.248925078660556"	"0.499785537665843_0.500214462334157"	NA
"7"	100	4.77560496801846e-10	0.257661411593659	0.167549207143329	0.0449659084359036	0.000137727139359578	0.000323667665328675	0.270368866083248	0.0372936750706784	4.77560496801846e-10	9.34225391477021e-11	0.00518432478364694	0.0784001233320759	-589.2690217356	"0.178385203581512_0.257661411593659"	"0.499567628378646_0.500432371621354"	NA
"100"	107	0.00330106467867133	0.0878831695260804	0.0959352565465815	0.0292320892196593	0.00330106467867133	0.00139688350053206	0.33766455618051	0.0335363949718279	1.18284027579921e-17	3.91287600393145e-17	0	5.52428059009544e-08	-626.668353004727	"0.0878831695260804_0.345387252982766"	"0.504933273889976_0.495066726110024"	NA
"30"	99	6.97952931624217e-08	0.279678021261585	0.157244998529105	0.0514580156562288	0.0033055172257582	0.00289208842824043	0.277665359939491	0.047938180696745	6.97952931624217e-08	8.41036568102351e-08	9.73202533272044e-06	0.0868463602050071	-590.995574389054	"0.154972984977416_0.279678021261585"	"0.499582628432083_0.500417371567917"	NA
"69"	105	1.59720179522175e-21	0.378731857303929	0.0965535212325112	0.0417366433093282	0.0286615542055634	0.0226683905096442	0.371392493606036	0.0313490368106804	1.59720179522175e-21	5.2326579819361e-21	0	1.40005957175625e-07	-583.958973852713	"0.0926122473140964_0.378731857303929"	"0.492815570424939_0.507184429575061"	NA
"15"	118	0.000625741355224446	0.164361952618395	0.151873891107994	0.0467559038544847	0.000625741355224446	0.0015158242280719	0.350946790696043	0.0372382112408844	3.61351225865191e-15	4.9513432800393e-16	8.44850811532183e-09	0.000866939440323726	-667.012488739477	"0.164361952618395_0.337244784906505"	"0.506355980364547_0.493644019635453"	NA
"76"	98	0.00241859714979568	0.117372635364997	0.121650767405766	0.0376791217014866	0.00241859714979568	0.00169790987024593	0.313111823308455	0.0397776217173113	2.92488320226686e-12	5.02551708314824e-12	8.57092175010621e-14	0.000475067442030498	-568.092705100857	"0.117372635364997_0.317520681244858"	"0.500310475919306_0.499689524080694"	NA
"8"	110	5.9838195641544e-17	0.310039722522712	0.06714410991907	0.0436520885294671	0.163636490292503	0.126906256099253	0.297624569241483	0.0312046728756601	5.9838195641544e-17	4.85122621868733e-16	0	1.7444213945901e-05	-645.805885854935	"0.0612178370634141_0.310039722522712"	"0.496309873788135_0.503690126211865"	NA
"92"	106	7.78711783791447e-18	0.356114993743673	0.0919043856702158	0.0445358952158878	0.104115119381587	0.0415215212321268	0.338754718935504	0.0342450739011808	7.78711783791447e-18	1.07094159245787e-16	0	1.11318024826209e-05	-599.528042245218	"0.0730137957425096_0.356114993743673"	"0.495764424316795_0.504235575683205"	NA
"31"	114	7.70994056974902e-31	0.365273607842502	0.117523395879799	0.0412312062976041	0.00322057463250977	0.00519211636874112	0.361746790493607	0.0228115274715703	7.70994056974902e-31	1.65128520818838e-30	0	2.1844874975631e-07	-669.653476721464	"0.124114231043654_0.365273607842502"	"0.493244724063606_0.506755275936394"	NA
"16"	119	1.73675947703344e-06	0.140266895676002	0.15730109094323	0.0278601055236389	1.73675947703344e-06	1.15108852754198e-07	0.321248673560029	0.0311291376864893	1.00847785185784e-19	3.48653939925425e-18	0	8.69198454743422e-05	-727.51464427866	"0.140266895676002_0.341390380206458"	"0.504823101581065_0.495176898418935"	NA
"77"	103	1.9782873843618e-11	0.29985234051816	0.094851964706101	0.0423418163058849	0.00562974251711664	0.0272505378152766	0.319838014410207	0.0397577360365361	1.9782873843618e-11	1.63443376336489e-12	5.57825341473972e-10	0.00010723932801617	-587.698141231994	"0.119767294448198_0.29985234051816"	"0.499927874955126_0.500072125044874"	NA
