"simNum"	"IVsNum"	"P_largestGroup"	"eff_largestGroup"	"eff_mean_minClass"	"sd_minClass"	"P_minClass"	"P_minClass_mean"	"eff_mean_maxClass"	"sd_maxClass"	"P_maxClass"	"P_maxClass_mean"	"corTest_1"	"CHVP_test"	"correct_factor"	"CHVP_test_correct"	"AIC_1"	"gamma_1"	"prop_1"
"2"	98	0.147413224069323	0.040786832853628	0.0416916408057703	0.0279286458005821	0.147413224069323	0.138737341443895	0.0827302948518533	0.0276034309170641	0.00350486523829662	0.00346114812846378	0.0525238171062079	0.295977981269987	0.748666903835032	0.217816011628559	-624.683769173347	"0.040786832853628_0.0826146956204388"	"0.500186054870276_0.499813945129724"
"5"	103	0.000811115622111985	0.0847288686287069	0.0680698106878348	0.0292492596240491	0.00462272862340242	0.0219288555652076	0.0994373937498132	0.0245447214421196	0.000811115622111985	9.95438689567871e-05	0.9993503534354	0.411361194294923	1.05341770437548	0.43116294009707	-650.923744700011	"0.0847099602344593_0.0847288686287069"	"0.499999999999984_0.500000000000016"
"3"	100	0.376646581545723	0.0222921683570662	0.0315053359515255	0.0251013347028625	0.376646581545723	0.212387730150966	0.085130037948549	0.0329265922039375	0.00529787329899014	0.011182152508506	0.00124484146683956	0.195258893970017	0.991083073637104	0.193205170263807	-625.490314294055	"0.0222921683570662_0.0938875628671903"	"0.503700085995851_0.496299914004149"
"1"	105	0.234747332654055	0.0336831670561787	0.030045063445786	0.0281832520812575	0.234747332654055	0.288864740529272	0.0961035956389989	0.0285622181880108	0.00179989311251077	0.00107406151385648	0.00818480555662426	0.0997066469959267	0.812582037419097	0.0756565546385791	-662.958217718027	"0.0336831670561787_0.0915120890061699"	"0.500694667911759_0.499305332088241"
"4"	110	0.779189614728668	-0.00913147705386597	0.00389107932923979	0.0324882754916651	0.779189614728668	0.904886832171807	0.12557576261585	0.0341353666918357	0.000101826676326223	0.000365858221061536	1.08530961995257e-10	0.00981726945781883	0.81430098472546	0.00699899345021902	-676.776264149787	"-0.00913147705386597_0.137721254915769"	"0.500270853150735_0.499729146849265"
"6"	116	0.011965118308616	0.0614424891495499	0.0103296076324096	0.0276206191038629	0.802251790417732	0.709106511764407	0.0608809014550331	0.0240597145645202	0.011965118308616	0.012745071105699	0.0100965535012367	0.167572557740207	0.746236451738101	0.117405836981711	-740.439015398429	"0.0069331423957728_0.0614424891495499"	"0.498845138308834_0.501154861691166"
"7"	112	0.0163868024357841	0.093344635920245	-0.00255142435276546	0.0401120077143243	0.985748908349216	0.949397168031855	0.0970132969410534	0.0382988711064078	0.0163868024357841	0.0127038924845053	4.00104951263636e-05	0.0726118061924734	1.05361685055383	0.0781766002768943	-685.968393368471	"-0.000718098477270798_0.093344635920245"	"0.499525020036595_0.500474979963405"
"8"	118	0.0589451856632127	0.051325402849733	0.0420893672612687	0.0269112449414646	0.0589451856632127	0.12051680511525	0.0904900118972726	0.0286829186647445	0.00584885351040421	0.00204156139425119	0.165768508112422	0.218472912107001	0.964062035981053	0.209484440721266	-726.395185078299	"0.051325402849733_0.0805312983907997"	"0.502260739088493_0.497739260911507"
"10"	112	0.00268789772117156	0.0697165472407739	0.055198668777034	0.0227058463939558	0.00268789772117156	0.0166566241335954	0.0853444880251802	0.0259337736084142	0.00824851267547764	0.00133940256307325	0.998242648917083	0.381804541790653	1.00316518346553	0.382944328400991	-717.808286008408	"0.0697165472407739_0.0697620268656652"	"0.500000000000085_0.499999999999915"
"9"	113	0.000241378841799141	0.116056230323151	0.0263564495723001	0.0315072656799934	0.192151715049444	0.404643832829193	0.126659871907629	0.0305943116157366	0.000241378841799141	6.75621909556597e-05	0.00159390581656438	0.0223761383339098	0.978610691091958	0.0216197456638451	-703.891036089409	"0.0413423266198799_0.116056230323151"	"0.499760057510733_0.500239942489267"
"11"	91	0.85781820526908	-0.00690933714362991	0.00779236031181534	0.0384564349719876	0.85781820526908	0.839882973177764	0.125683616909015	0.0403824210186985	0.000785287115494991	0.00248794716316901	2.91286106346433e-10	0.0345062280248722	0.805721562703938	0.0249592653582397	-559.251692759049	"-0.00690933714362991_0.140371438353261"	"0.501037222532808_0.498962777467192"
"12"	101	0.00973428157159937	-0.0700557482176449	-0.0608173453586628	0.0265796503023042	0.00973428157159937	0.0242356646139029	0.117649726578027	0.0327626922437411	0.000176467103093756	0.000512684086888543	0	2.33454975313601e-05	1.28664867362727	4.11034551580898e-05	-621.403088247074	"-0.0700557482176449_0.127665323220117"	"0.505025171754494_0.494974828245505"
"14"	105	0.00109797090617225	0.064963378091432	0.0572086714554124	0.0193460699676841	0.00109797090617225	0.00384347074227503	0.0709212336380366	0.0207000103956275	0.00220403599717566	0.000877773526658542	0.999226041488932	0.628401564427424	1.23019553591733	0.714217068966224	-675.48098659064	"0.064963378091432_0.0649848358831394"	"0.500000000000013_0.499999999999987"
"13"	108	0.0206546450896586	0.0606335446183288	0.0104532019351572	0.0307278695249968	0.841830001793766	0.734383122087535	0.0569881207618338	0.0258114106054815	0.0206546450896586	0.0293877982269194	0.0109258717169913	0.24621201768326	0.916652056275911	0.223497093629598	-701.073538021687	"0.00614676330218221_0.0606335446183288"	"0.49953372639302_0.50046627360698"
"15"	116	0.942978686547659	0.00209103236663094	0.0135173151056208	0.0291705394091701	0.942978686547659	0.643961174206946	0.151121606144199	0.0308863182557173	5.60837963542998e-07	3.26418244464241e-06	1.77635683940025e-14	0.00119961309892809	0.941202743646053	0.00107125857694662	-727.776394246864	"0.00209103236663094_0.163759868113536"	"0.502138026681791_0.497861973318209"
"19"	90	0.0242684336014206	0.049875490578178	0.0488958407736542	0.021761273372194	0.0242684336014206	0.0271182691234674	0.0778519884502238	0.0262135059127799	0.00290894018495797	0.00382835254172158	0.21178717290072	0.395366767583736	0.817918212500945	0.32684012795935	-582.813247570035	"0.049875490578178_0.0802614607359492"	"0.500358060004982_0.499641939995018"
"16"	114	0.0871102223336074	0.0343686113397596	0.039753021739818	0.0199141776699456	0.0871102223336074	0.0483151521930706	0.116911671036152	0.0298752881065937	9.63298933018304e-05	0.000155962855796847	8.11426356066569e-05	0.0316329623178407	1.04936832762455	0.034092853123766	-718.441670327474	"0.0343686113397596_0.120817316116455"	"0.506101640375795_0.493898359624205"
"17"	90	0.00119559063701202	0.105951701623001	-0.0345738482096547	0.0365287753605411	0.318467119475947	0.346465219515112	0.10198368717746	0.031649006742751	0.00119559063701202	0.00177714562815981	7.74958825999761e-08	0.0047223272616449	1.31280875387831	0.00780436176610475	-559.070830326546	"-0.0366469635376911_0.105951701623001"	"0.496888800826582_0.503111199173418"
"20"	109	0.000194070437932183	0.0675456518714459	0.0618581417122016	0.0175029914278933	0.000194070437932183	0.000603510208163126	0.0750292872822757	0.0211633206916755	0.00184730576367814	0.000581202173619038	0.999231965818934	0.631520210992941	0.983524168694358	0.624636988614409	-710.031529705269	"0.0675456518714459_0.0675662144340267"	"0.500000000000003_0.499999999999997"
"18"	107	1.72745613213696e-06	0.125209997886375	0.012789760603332	0.0325471736956828	0.749457175915831	0.695137664130227	0.122710128839955	0.0247156494099862	1.72745613213696e-06	2.64217113907436e-06	4.06509508943387e-07	0.00715262951020621	0.642077775600114	0.0034847870430735	-671.479458621962	"0.0104211686993643_0.125209997886375"	"0.498024944873743_0.501975055126257"
"21"	98	4.73694710513392e-07	0.0822735838526761	0.0804634474184791	0.0167039499629447	3.46515447083566e-06	5.37362419118151e-06	0.0840386703709978	0.0152355775373037	4.73694710513392e-07	2.87661939505878e-07	0.999762018677831	0.874349512822638	0.74237536520043	0.779622509295274	-640.055631239064	"0.0822666539071936_0.0822735838526761"	"0.499999999999999_0.500000000000001"
"22"	99	0.0443569074635474	0.0591073834188212	0.0705108942705866	0.0290183294387444	0.0443569074635474	0.0169240679161342	0.134306462510509	0.0348725485698693	6.32795391401444e-05	0.000209632107723957	0.000196737267997182	0.159660849781932	0.717907246994829	0.106381576265056	-629.956974071296	"0.0591073834188212_0.145788515543117"	"0.500143465069523_0.499856534930477"
"25"	122	0.811699530736803	0.00701937761706161	0.0144973273825131	0.0293999292654562	0.811699530736803	0.622830317360793	0.110263477286746	0.0328220995174498	0.00048488996928253	0.00104512111769487	6.68788457947045e-08	0.0297549922385381	0.650606400745303	0.015721042585222	-778.856595148893	"0.00701937761706161_0.117709884328429"	"0.500838575240615_0.499161424759385"
"23"	101	0.000675126752722612	0.121786216313811	0.00708819117616656	0.0380032352263598	0.907170469989974	0.852418408658257	0.119075821480102	0.0347038871280276	0.000675126752722612	0.000874955715161587	1.68292267765935e-06	0.0295543195455248	0.612443364807831	0.0143367951617708	-608.605775931447	"0.00444273624200637_0.121786216313811"	"0.497507090758279_0.502492909241721"
"24"	128	0.164490059999753	0.0437629455065264	0.0165252765483759	0.0312994926505523	0.164490059999753	0.598439601248162	0.0707387020346274	0.0301408123841551	0.148586141323538	0.0204752000266807	0.998427604468089	0.212160839613746	0.89629183242137	0.186912850691962	-800.565154294988	"0.0437629455065264_0.043805914192011"	"0.500000000000058_0.499999999999942"
"26"	104	0.00311158133656348	0.0819178402371303	0.00140455303494137	0.033838483054619	0.896349732092281	0.966971616370925	0.0763713895951778	0.0270539540383629	0.00311158133656348	0.00571275010076735	0.000146260121480335	0.0835622177113073	0.824202561040827	0.0641890284443353	-652.632190171724	"-0.00441916630540405_0.0819178402371303"	"0.497362767026155_0.502637232973845"
"27"	108	0.793299648967934	0.00758003544096854	0.017858626218933	0.028856154519897	0.793299648967934	0.537307843908526	0.086702731382587	0.0409239342849132	0.0171968514490149	0.0364361153396189	2.42786986379695e-05	0.169182230759892	0.877835367744738	0.144360234967886	-682.402968221216	"0.00758003544096854_0.0990438485978519"	"0.501186347084306_0.498813652915694"
"30"	95	0.00263861101972849	0.0925681096208795	0.0361451077751262	0.0283533646812263	0.227603086558129	0.205519193473598	0.0909554649735841	0.029964171112709	0.00263861101972849	0.0031066644876902	0.00945410908993516	0.183961178382081	0.644625005685402	0.109131891820398	-592.589416785765	"0.034434859413973_0.0925681096208795"	"0.498237753125267_0.501762246874733"
"29"	114	0.622511596246014	-0.0128662807291764	-0.00756604403347569	0.0260635757058088	0.622511596246014	0.77212501664106	0.120183297807591	0.0334348163460872	0.000273254518633323	0.00048292160662513	1.15000897693562e-10	0.0025831421619951	0.568240076837962	0.00100492047486882	-709.510362718876	"-0.0128662807291764_0.125629049275315"	"0.501467306167664_0.498532693832336"
"28"	106	0.214563139724004	-0.0270607764778781	-0.0255141219855305	0.0216717016021967	0.214563139724004	0.241737028005779	0.134840500915974	0.0336881086810023	0.000104567843380922	0.000117006357512204	6.38489261461928e-12	6.24977849800813e-05	0.734166660952168	3.41787729372885e-05	-651.444228338322	"-0.0270607764778781_0.13587095953383"	"0.503893882468006_0.496106117531994"
"31"	99	0.00244741759492574	0.0880866179984025	0.0321912374925741	0.0299104755410438	0.254524833045455	0.28445654482102	0.0899926174306799	0.0283204232688973	0.00244741759492574	0.0019864852763656	0.0173135249321783	0.160539594172444	0.950170472920736	0.150735593931177	-625.900650558867	"0.0342818329541538_0.0880866179984025"	"0.499392411847349_0.500607588152651"
"35"	98	0.00546271020742701	0.0480958495233216	0.0436774149695112	0.0169222461952342	0.00546271020742701	0.0113469864991605	0.0516101661880506	0.0169759777508172	0.0055986114347093	0.00303973734234028	0.999705538379558	0.740682853939735	0.763120017251671	0.633963347412496	-624.465528415126	"0.0480958495233216_0.0481041587718043"	"0.500000000000001_0.499999999999999"
"32"	114	0.771052750252263	0.00863023822863336	0.00475117114045953	0.0295862622752256	0.771052750252263	0.872705371675651	0.0779083895692566	0.0279967531204397	0.0089284372372598	0.0063187011761036	0.00199544313384292	0.0724905379514364	0.86634598311414	0.0593458950706572	-717.121847647335	"0.00863023822863336_0.0744956269551359"	"0.501256970584109_0.498743029415891"
"34"	107	0.277285043414959	0.02634811729418	0.0298843823895806	0.0241271093497517	0.277285043414959	0.218221238387484	0.109798273273082	0.0318679507107059	0.000531316053379283	0.00081819848223301	0.00015756926988475	0.0455764469169996	1.04220322982004	0.0484832352201748	-667.595921829222	"0.02634811729418_0.113886298470857"	"0.503189363418832_0.496810636581168"
"33"	116	0.0504648952374087	0.0518207368774971	0.0501856844597721	0.0262153003779492	0.0504648952374087	0.0580581559860356	0.107314402027349	0.0263984166019186	9.36962070153237e-05	8.81542196819819e-05	0.0110672736359207	0.124645404400662	0.769519905837654	0.08909173810038	-731.823286738561	"0.0518207368774971_0.1068842165114"	"0.501729081257423_0.498270918742577"
"36"	116	0.0147665600712146	0.0659963659145717	0.0594550983613122	0.0266609727921217	0.0147665600712146	0.0276859726864719	0.101700362001816	0.0319267698708289	0.00347320658573487	0.0018607172270808	0.172862735224204	0.309801575368576	0.882796164005935	0.272248344850627	-734.082530858141	"0.0659963659145717_0.0952762497253291"	"0.500048352966683_0.499951647033317"
"37"	103	0.952607951519451	0.00197477899499159	0.0164276950655881	0.0331458581204968	0.952607951519451	0.621229861541814	0.116926409327999	0.0337307131949244	0.000215729483085831	0.00077313153211543	7.14795556078229e-09	0.0335760138013285	0.78989014440309	0.0235713890998442	-639.539081186296	"0.00197477899499159_0.129439877074672"	"0.500545879186211_0.499454120813789"
"38"	107	0.000148902455458208	0.0785264852927626	0.0738707576711798	0.0199554091625075	0.000148902455458208	0.000341633867745635	0.083785034369106	0.0207256451371815	0.000251279497612613	0.000100455236802103	0.999757184621318	0.730400635141472	0.832138013363015	0.657600441996219	-695.930723304145	"0.0785264852927626_0.0785332704403765"	"0.500000000000003_0.499999999999997"
"39"	98	0.0561838198094937	0.0455429294235191	0.034502578389192	0.0235638118076821	0.0561838198094937	0.146367565960084	0.0570829812954654	0.0243381501997786	0.0640553257440599	0.0210427442908953	0.998344336424158	0.505055776850026	0.924403188802251	0.473731394290999	-629.137465776722	"0.0455429294235191_0.0455896056453872"	"0.500000000000199_0.499999999999801"
"40"	106	3.36985307825832e-05	0.13051772528877	-0.00862558090357721	0.036369039133226	0.500512240108246	0.812988395696602	0.115544489267866	0.0301171430265482	3.36985307825832e-05	0.000213350270166956	2.28883578756722e-12	0.00854865791232297	0.675347358367488	0.00452845588346255	-660.846345530018	"-0.0245863129674532_0.13051772528877"	"0.497515336519121_0.502484663480879"
"41"	124	0.0131320034621327	0.0648949086927014	0.0456699361451407	0.0257855086353942	0.0131320034621327	0.0790129717775267	0.0844509254353518	0.0294062547144585	0.0290688013725143	0.00480693618519995	0.998188028634559	0.321403218631023	0.711323387013097	0.226000991338326	-780.170235218171	"0.0648949086927014_0.0649411197302119"	"0.500000000000159_0.499999999999841"
"42"	113	0.100641873203658	0.0460563451798492	0.0301234793968349	0.0278218007867728	0.100641873203658	0.281254120452066	0.0637989068573804	0.0318348045315646	0.15073292730463	0.0474769823130349	0.999883509148709	0.42573783613439	0.719989672113503	0.314054146159161	-686.960157989182	"0.0460563451798492_0.0460600768439119"	"0.5_0.5"
"45"	116	3.58918012055403e-05	0.0686474509726725	0.0638739692376327	0.0192285375209487	0.00052316179890491	0.00119930987973975	0.0717177497694726	0.0159621411988067	3.58918012055403e-05	1.68222243389386e-05	0.99950651953246	0.753619692055502	0.784789765813879	0.659058972378019	-757.889066099515	"0.0686349245867447_0.0686474509726725"	"0.499999999999994_0.500000000000006"
"43"	117	0.354239194177388	-0.0323695439475408	-0.0106571591743369	0.0348013714490032	0.354239194177388	0.759979889021763	0.0911816171187365	0.042882421870217	0.00901209641190959	0.0355966715882387	6.44284625650471e-12	0.0651833495535095	0.799785341215372	0.0476341695801346	-729.140943491868	"-0.0323695439475408_0.113909312634863"	"0.500644755729632_0.499355244270368"
"44"	96	0.123904450342008	0.0372680755438518	0.0442813313042162	0.0240075707222417	0.123904450342008	0.068230351927403	0.0996981327187853	0.0332062511139702	0.0017265588192278	0.00342296997876666	0.00217827576011254	0.176238882699124	0.873847566925877	0.149761476550554	-609.373024885338	"0.0372680755438518_0.10709770236309"	"0.50192713909979_0.49807286090021"
"48"	105	2.58777279906294e-05	0.0728934971363329	0.0657239824909195	0.0165522580448962	2.58777279906294e-05	0.000132191221841419	0.0807566904235818	0.0213036971468525	0.000889726941866662	0.000252161459961183	0.999695945900449	0.577379658584468	1.59492429262089	0.772700038305388	-679.698603997228	"0.0728934971363329_0.0729023318839691"	"0.500000000000005_0.499999999999995"
"47"	111	0.0132053455868319	0.0604253253059373	0.0548130278447681	0.0239875320418866	0.0132053455868319	0.0242267280945468	0.0880800825000439	0.0286552639723615	0.00535250665662003	0.00266545930750892	0.304179302206972	0.373356003647078	0.816429024150572	0.306633041879521	-721.251722341195	"0.0604253253059373_0.0814233730714006"	"0.500030121070597_0.499969878929403"
"50"	120	0.00083680469895273	0.0770056711859451	0.0708118354498621	0.0224660095975032	0.00083680469895273	0.00205237447168672	0.082015486452941	0.0208584735385255	0.000336757469246445	0.000142012000758398	0.999583508321478	0.714766441088908	0.879678445354206	0.663549211831277	-768.603640237114	"0.0770056711859451_0.0770174299098351"	"0.5_0.5"
"46"	117	6.90193926606658e-07	0.11399363241371	0.0151418720715003	0.0293606333257428	0.60364911026639	0.607031385662976	0.112469355975612	0.0217043301326362	6.90193926606658e-07	9.38044453081093e-07	5.86061849006114e-06	0.007684388479036	0.741298479353037	0.00469021498698248	-735.299448288921	"0.0152846645206225_0.11399363241371"	"0.497834348175709_0.502165651824291"
"49"	110	5.80411851264499e-05	0.119367785697858	-0.0148901414173743	0.0323515052414325	0.377265885491251	0.646245632833543	0.10531295038813	0.0285254521896076	5.80411851264499e-05	0.000349471337613555	2.86326518050828e-11	0.0053214611027045	1.31884670153472	0.00883994532376269	-695.091439343799	"-0.0286816604851652_0.119367785697858"	"0.497953536591849_0.502046463408151"
"51"	113	0.681502619517141	-0.00940758029093266	-0.00376341842037741	0.0228624595411408	0.681502619517141	0.869546684576829	0.0511321937458268	0.030612946460108	0.0663852519275176	0.097656399333156	0.00195353132319864	0.150786107697261	0.791977563094483	0.11286645492782	-725.547911861522	"-0.00940758029093266_0.056753228795382"	"0.501714224342687_0.498285775657313"
"54"	103	0.139739459186832	0.0414675530035287	0.0405000762792815	0.0278611130129313	0.139739459186832	0.149115610038058	0.104750704178255	0.0319227456317488	0.00173935587028044	0.00141466441116576	0.00589156618978537	0.129422928819703	0.832400776253924	0.102370357645714	-640.781194433505	"0.0414675530035287_0.102677954103086"	"0.501064171143184_0.498935828856816"
"53"	119	6.4430822709352e-06	0.135230967096185	0.00244495491542607	0.0319068153437732	0.804435701510168	0.939049270410146	0.12490414023512	0.0286280460413393	6.4430822709352e-06	2.76330172856385e-05	3.70832253793196e-11	0.00428069584960663	0.720388946052504	0.00245717967321436	-746.56285198786	"-0.00791825396055935_0.135230967096185"	"0.499213784792478_0.500786215207522"
"52"	124	0.00220857003323808	0.0971539373293061	0.0577260780878804	0.0334603743260091	0.0306265197564682	0.0870017347183256	0.112692944127255	0.0310752346597394	0.00220857003323808	0.000419276541481481	0.254984451728967	0.22870352141324	1.19261128452669	0.278930840916205	-781.674060012467	"0.0731813047758207_0.0971539373293061"	"0.499989153577024_0.500010846422976"
"55"	119	0.665254765693926	-0.0115169219504617	0.00511163494962222	0.0265513730620404	0.665254765693926	0.847666888249335	0.102605087259399	0.0347659350237636	0.000879170045202679	0.00381794895285692	3.13291614872924e-10	0.0258362384304198	0.905770036956931	0.0221455317965594	-743.19658463439	"-0.0115169219504617_0.1186781491679"	"0.501069798709743_0.498930201290257"
"59"	104	0.124965429799845	0.0370239406625035	0.0425174474002272	0.0239349837373523	0.124965429799845	0.0786241467307577	0.111969142801119	0.032473728628617	0.000462628572654443	0.000819228980363398	0.000196749064784285	0.0851420704218959	0.489473198407562	0.0333502660408448	-665.62422974921	"0.0370239406625035_0.117475379262887"	"0.501634786993493_0.498365213006507"
"57"	104	0.115603542350095	0.0358568509254155	0.0401696001831802	0.0225957181536983	0.115603542350095	0.0783956696270758	0.0821051442787867	0.0267157577170182	0.00184687619068427	0.00270961856352112	0.0198045198090417	0.230721735607085	0.669149470538633	0.146295373753915	-672.966946021621	"0.0358568509254155_0.085399690261338"	"0.500974262503335_0.499025737496665"
"58"	91	0.000435303816501436	0.113147366993608	0.0436639687126029	0.0333776749466656	0.32843105440078	0.194143920902303	0.101805887488944	0.0309749223761328	0.000435303816501436	0.0014462614629333	0.000592875372025237	0.201659477826424	0.918154593888569	0.182462432459801	-573.932192528675	"0.0327974085741027_0.113147366993608"	"0.49977919983612_0.50022080016388"
"60"	106	0.000914068884022866	0.0704336891619573	0.0589060932727333	0.0255000523979259	0.00680743838850341	0.0228420346894312	0.0819705955577109	0.0206374195893099	0.000914068884022866	0.00013089376307278	0.998736764493424	0.482004103542209	0.838233715260938	0.414695922000844	-688.433380466179	"0.0703993752319023_0.0704336891619573"	"0.499999999999904_0.500000000000096"
"56"	115	0.00024090393947431	0.128914834326784	-0.0268955449637436	0.0325287041406991	0.241380469481748	0.410063545765524	0.115922407514483	0.0339988712178829	0.00024090393947431	0.000900377874744024	5.83977310952832e-14	0.00240360779799962	0.845860566161394	0.00178373775472669	-725.493284796153	"-0.0383081139979827_0.128914834326784"	"0.499617684758518_0.500382315241482"
"62"	104	0.00389624221019556	0.0847769525790809	0.0327295754794643	0.0310021023305638	0.214572068722508	0.293565622199192	0.0936409897767011	0.0287067082634747	0.00389624221019556	0.0015009354904903	0.026639482407754	0.149406058784535	0.750475425082089	0.104608509573129	-639.947694690194	"0.0387151721787352_0.0847769525790809"	"0.496857944508625_0.503142055491375"
"61"	121	0.000526871077033024	0.092979267105601	0.0455368438414453	0.0264701593290144	0.204653340242115	0.0879540602723661	0.0815115881482556	0.0260952395453499	0.000526871077033024	0.00223978783114937	0.00319759387937357	0.333126358507555	0.694573440371089	0.229481850666002	-780.888301690889	"0.0337583829090653_0.092979267105601"	"0.499987454567632_0.500012545432368"
"64"	106	0.158521857146661	0.0342253110849552	0.0243659839833964	0.0240995155335374	0.158521857146661	0.314313372251998	0.0441003333702194	0.0255112455479367	0.182350872670028	0.0868088557746514	0.999187088739341	0.573895697332988	0.727885031770218	0.44884322256831	-681.905624547807	"0.0342253110849552_0.0342471380939688"	"0.50000000000002_0.49999999999998"
"65"	103	0.224545955878638	0.0340795321426939	0.0187023337948789	0.0278896459343344	0.224545955878638	0.504001508877038	0.0494562672552052	0.0301090042350294	0.26016702879222	0.103550587718622	0.999595045809456	0.453651121370182	0.845124067427515	0.391101652496476	-637.904762691514	"0.0340795321426939_0.034092146003755"	"0.5_0.5"
"63"	112	4.59582020017871e-07	0.138132336634425	0.0181155193983342	0.0342961110495975	0.689979735526329	0.598408629789138	0.133760480309936	0.0257770974340956	4.59582020017871e-07	9.62272362156085e-07	2.27728802482119e-08	0.00702857010946832	0.846273206202428	0.00530201190238163	-700.893607649263	"0.0137158994352166_0.138132336634425"	"0.498139667553336_0.501860332446664"
"66"	95	0.00032720269927502	0.101245609837496	0.0194870773893981	0.0356081652255732	0.659711987180112	0.585494158806679	0.0975254601380732	0.0271423289010811	0.00032720269927502	0.0005223822637476	0.0001655891360266	0.0813393140111504	0.900210696522925	0.0703744721417343	-597.574263824667	"0.0157285598522884_0.101245609837496"	"0.498954207560564_0.501045792439436"
"67"	111	0.468855068286084	0.0227816358665413	0.024491673937386	0.0313424878459139	0.468855068286084	0.436233622807368	0.0835419103363992	0.0325131478778182	0.00978686728337223	0.0115234787905772	0.00353220236634444	0.191019721403759	1.20401508320152	0.238014609470993	-702.319059381158	"0.0227816358665413_0.0854793134795416"	"0.500094752158251_0.499905247841749"
"68"	116	0.619323259536736	0.0110558346077075	0.0130934346647987	0.0221933801574068	0.619323259536736	0.556368020173182	0.114551286132121	0.0283542019226798	7.61350637610259e-05	9.68536226645903e-05	1.85881319891834e-06	0.00483655647005634	0.97192153642058	0.00460011981131641	-731.776911027272	"0.0110558346077075_0.116370942972442"	"0.501296984053067_0.498703015946933"
"69"	100	0.00122830309943955	0.0757134572920084	0.0317664868869582	0.0294996950402986	0.339811802614602	0.284168302680701	0.0726390745534389	0.0227492838651425	0.00122830309943955	0.00188793382148821	0.0602791374228644	0.272566283070265	0.676429512611994	0.178183554076161	-621.932218754207	"0.0282951035782515_0.0757134572920084"	"0.494344466109966_0.505655533890034"
"70"	106	8.20667500801203e-06	0.154342721329899	0.00569299894370506	0.0332383228250365	0.677769496643781	0.864334692811197	0.135417905407813	0.0328980979683126	8.20667500801203e-06	7.68480514198056e-05	1.95399252334028e-13	0.00553874732477795	0.815732394634511	0.00391632225589426	-662.057226713956	"-0.0138494514435843_0.154342721329899"	"0.499206116080112_0.500793883919888"
"72"	90	0.0383672994508079	0.0493510441807542	0.043612897691738	0.0234767467622153	0.0383672994508079	0.0665173571683462	0.0544553844316632	0.0208770508347847	0.0202356164964422	0.0106688937191663	0.999689951058511	0.730005209886336	0.758339539758265	0.62004698389364	-572.553863994817	"0.0493510441807542_0.0493609322270547"	"0.500000000000001_0.499999999999999"
"71"	107	6.20689307824386e-05	0.096071999656508	0.0638483799712573	0.0270193968306933	0.0170047364546721	0.0199481348913341	0.0956633233389732	0.023029831478481	6.20689307824386e-05	6.63547236077245e-05	0.169772250771746	0.37018076588135	0.83671466462711	0.311267305529162	-690.976116146097	"0.0655184922387731_0.096071999656508"	"0.49988413561398_0.50011586438602"
"75"	97	0.330913297098766	0.0270745260479545	0.0322174400663513	0.0277054822867876	0.330913297098766	0.247771077511785	0.0915981041591176	0.0337407828088634	0.00575520084304893	0.00786456231426446	0.00288031762486884	0.173789493569724	0.891325763902556	0.151184494174267	-622.760282521998	"0.0270745260479545_0.095309526101329"	"0.500652368790044_0.499347631209956"
"74"	108	8.76325651370995e-05	0.0883105055749976	0.0348544576703722	0.0291256096449087	0.318268307836175	0.234070428794473	0.0830142015850937	0.021655735084129	8.76325651370995e-05	0.000213780430393542	0.00700967175083456	0.184533430588691	0.922869805416174	0.16764289896761	-692.040306730139	"0.0292042192461184_0.0883105055749976"	"0.498189595362199_0.501810404637801"
"73"	116	0.821025273124677	-0.00699775844559319	-0.00464568313511471	0.0308619170006677	0.821025273124677	0.880609207699059	0.100935454841356	0.0382943034915036	0.00779315026640214	0.00955268539952181	2.31162331054691e-06	0.0318152104098947	1.46733360099508	0.0589072666721691	-713.09964839135	"-0.00699775844559319_0.103717174865791"	"0.501710872175346_0.498289127824654"
"76"	82	0.100358881067551	0.0650456295965767	0.0233946969742564	0.0377484796138257	0.249179651563669	0.537160582470156	0.0866347318352784	0.0391346812902532	0.100358881067551	0.0296571393291098	0.41223421289825	0.244801715770268	0.969829312921147	0.236599335035944	-504.304974421687	"0.0438140723672411_0.0650456295965767"	"0.49998178364862_0.50001821635138"
"78"	83	0.625748253695863	0.0156488558964633	0.0312065762354158	0.0319647596185793	0.625748253695863	0.331796816693248	0.116114300799292	0.0364631256811815	0.000592992951267234	0.00205096735407816	2.63396123023618e-06	0.0799413705676896	0.534649647189802	0.0347711649959101	-523.350558512329	"0.0156488558964633_0.130307162957047"	"0.501264678551628_0.498735321448372"
"77"	106	6.85684983314785e-05	0.120099760178322	0.0122893319158848	0.0353716776027088	0.659352707140969	0.728960570349229	0.122887179857502	0.0289622739016475	6.85684983314785e-05	4.76774011525363e-05	3.47296437650524e-05	0.0155534961350081	0.866651282237494	0.0123501903977461	-648.990469633369	"0.0156365139807651_0.120099760178322"	"0.498847377009149_0.501152622990851"
"81"	91	0.000282890286913204	0.0654470022953577	0.0606917657549047	0.0191845801399202	0.000970485996225244	0.00212570596782641	0.0679966572949521	0.0173200692801904	0.000282890286913204	0.000168909328668901	0.999838748479503	0.777462185719619	0.793166091341068	0.689332274579775	-602.206649354331	"0.0654420227754691_0.0654470022953577"	"0.5_0.5"
"79"	135	0.0246634130512711	0.0701217995373014	0.0497887043852321	0.0327505058296894	0.0341853988922302	0.1308061949119	0.0912721648444106	0.0308599484631867	0.0246634130512711	0.0036655577629827	0.998373002903977	0.356596314208373	0.82578693618191	0.295145437865689	-857.603366339691	"0.0700785310209415_0.0701217995373014"	"0.499999999999973_0.500000000000027"
"80"	108	3.41981140042439e-07	0.137681811578153	0.029550007010568	0.0307798612005922	0.441508472019398	0.339197707396561	0.131468960794129	0.0253153320021661	3.41981140042439e-07	9.92766309431164e-07	1.04085723595659e-07	0.0105467352608764	0.872433452591015	0.00841413568411598	-683.325746058684	"0.0237781151162784_0.137681811578153"	"0.498987057641909_0.501012942358091"
"83"	84	0.00192777936455284	0.0634520724045389	0.0481312771962194	0.0299605633946228	0.0372383786826035	0.111964808621303	0.0777144330502248	0.0198084683582258	0.00192777936455284	0.000179299628614523	0.999321266493255	0.410132928019516	0.735777485779378	0.307352075209801	-540.92378534525	"0.0634317453190948_0.0634520724045389"	"0.499999999999951_0.500000000000049"
"82"	128	7.98141920632392e-06	0.110128681555978	0.0283822157298706	0.0292864494933683	0.422043103786885	0.334325098685652	0.106729973892882	0.0236498831803826	7.98141920632392e-06	1.43950119566229e-05	1.7937542421631e-05	0.0374042819386557	1.18270473447741	0.0484858371736996	-813.666896002958	"0.0235899124588696_0.110128681555978"	"0.497117257362521_0.502882742637479"
"85"	98	0.00232591390191624	0.100280893039219	0.0270457610673723	0.0332632293903845	0.609677628682175	0.418161805425598	0.0905762324366947	0.032061834953618	0.00232591390191624	0.00573935304422237	0.000302100046456477	0.16909110654336	0.704033785456564	0.110534102229408	-616.488193873332	"0.0170373154272863_0.100280893039219"	"0.499127384174765_0.500872615825235"
"86"	108	0.535499626331529	0.0169236206361725	0.0188806425612195	0.0272240683751129	0.535499626331529	0.489481303671437	0.0868555203296964	0.0308642285390221	0.00397362476882816	0.0058223184510297	0.000637812176541352	0.0986015031377077	0.874432195977304	0.0823986584713117	-695.790362607025	"0.0169236206361725_0.0908668093191323"	"0.500479474200645_0.499520525799355"
"84"	124	0.349728306346187	0.0320063897289704	0.0333876039244973	0.0340967783997113	0.349728306346187	0.329402657892547	0.104089684738922	0.0385989711677578	0.00815839942319638	0.00798524230186935	0.000954422702917235	0.169814910830243	1.23697606462084	0.220101123673903	-768.303320469179	"0.0320063897289704_0.103796990830547"	"0.50076384550966_0.49923615449034"
"87"	101	0.514171798547173	0.0146440565652293	0.0180958251491265	0.0223679991301031	0.514171798547173	0.420432869176709	0.0962050418035268	0.0305875253463919	0.00173987301465701	0.00218578998880761	0.00036435944352986	0.0392765379439161	1.07061642814269	0.043579903840977	-634.019500174558	"0.0146440565652293_0.0984336922426256"	"0.507681794689763_0.492318205310237"
"88"	100	0.637763046933034	-0.0138348834764275	-0.000715921837140404	0.0292935280041217	0.637763046933034	0.980551162918561	0.0802367563088832	0.0349757177231423	0.00877880723645598	0.0238993096495694	9.30875672544573e-07	0.0759965333915211	0.647145904606735	0.0421136098889444	-639.46627303075	"-0.0138348834764275_0.0935109802693094"	"0.500842805096559_0.499157194903441"
"90"	103	1.41068835088084e-05	0.13359780441192	-0.000464804045736368	0.038320806706732	0.7220339366	0.990346159155101	0.120507352347346	0.0292794976128751	1.41068835088084e-05	7.84275333262974e-05	1.84414705728386e-11	0.0121269479728813	1.13036989938362	0.0149323348128876	-633.746044347114	"-0.0136700230546118_0.13359780441192"	"0.49717946079851_0.50282053920149"
"89"	107	9.66585057045135e-05	0.134526462998388	-0.0105090091368428	0.0371483766596424	0.479265430536221	0.777810696624681	0.118834654138843	0.0331918177058258	9.66585057045135e-05	0.000519591521752855	7.98028310100563e-13	0.00942079068130375	0.968449468325393	0.00892354938805989	-666.101905823558	"-0.0263752115671274_0.134526462998388"	"0.499103573576716_0.500896426423284"
"93"	109	0.000591199933331939	0.0607471523057931	0.0553773285578198	0.019179866965366	0.00200413824674447	0.00469493952270894	0.0669924818628444	0.017159118586691	0.000591199933331939	0.000164938736193286	0.999665998265688	0.651749854863444	0.848285226095976	0.584361107153266	-709.830231538978	"0.0607379635036374_0.0607471523057931"	"0.499999999999999_0.500000000000001"
"91"	107	0.774485993366177	-0.00989129494731099	-0.000205828535252163	0.0344351225123452	0.774485993366177	0.995242079974918	0.108609299104752	0.0365979638716547	0.0018229119411141	0.00371008848851042	2.45359932371514e-08	0.0303554517621333	0.600448103586624	0.0143468380129204	-662.408933525052	"-0.00989129494731099_0.117052783869896"	"0.500228713015487_0.499771286984513"
"92"	95	0.856510923956176	0.00684551090340648	0.006569955752098	0.0377548505123831	0.856510923956176	0.862226945671641	0.0918952588853244	0.0434045617053232	0.0347080810437112	0.0368849242745423	0.000567563890706779	0.138017204021803	0.879807741556508	0.117352354140576	-580.323867731307	"0.00684551090340648_0.093009359192866"	"0.501092365611296_0.498907634388704"
"94"	108	0.000177099467775315	0.120352540648079	-0.0220198071760553	0.0368938573105274	0.326516756996618	0.551873587406556	0.108163420489834	0.0309723250123924	0.000177099467775315	0.000697403035182914	6.83320067196291e-12	0.00688150205852799	0.866818421061573	0.00539960913914968	-666.941055604969	"-0.0363653139397882_0.120352540648079"	"0.498210974496219_0.501789025503781"
"95"	123	0.0703384827829632	0.0515651642674782	0.0287545686763029	0.0282437762355384	0.0703384827829632	0.310652213168812	0.0723391547363967	0.0300582567711343	0.0884000889680442	0.0175999052851206	0.997633848012318	0.290645977286314	0.967775933148247	0.280779156529619	-773.144796853829	"0.0515651642674782_0.0516291685568079"	"0.500000000000221_0.499999999999779"
"97"	107	0.000244787881589263	0.111944780978734	0.00451711301527684	0.0302644775925143	0.676099384050538	0.881636324724597	0.0930979197210849	0.0294857788521252	0.000244787881589263	0.00207356101624381	1.35454116811928e-08	0.0360450856971584	0.879250152942754	0.0296912577571916	-687.785074529785	"-0.0126793450533283_0.111944780978734"	"0.499942701372604_0.500057298627396"
"96"	118	0.0549483477916658	0.0564070318801666	0.0020397177774844	0.0287611875546908	0.62152306942987	0.943583215649483	0.0680715931540528	0.0290955381784231	0.0549483477916658	0.0210002711208357	0.0887199963399086	0.106524205565127	0.789667367683819	0.0780883665176323	-729.522511738653	"0.0142370071152049_0.0564070318801666"	"0.493341283579921_0.506658716420079"
"98"	112	0.496324133527583	0.0239523373663085	0.0155787131641853	0.0350933204072635	0.496324133527583	0.657962833146806	0.080734244254913	0.0365695444046496	0.04786354045603	0.0293227134763889	0.0293007267103578	0.198609434983327	1.02386296159065	0.204191670595062	-686.900877593669	"0.0239523373663085_0.0731653976350597"	"0.500022300254142_0.499977699745858"
"100"	104	0.586314043964746	-0.0172161353531052	-0.00314188305639633	0.0315370708999175	0.586314043964746	0.920835631665231	0.130268902673026	0.0370301139331474	0.000181299548600881	0.000648667202694922	2.77666778458752e-12	0.00609103926672463	0.774771312781347	0.00396670461341821	-633.820732170604	"-0.0172161353531052_0.14385244615451"	"0.500611839367853_0.499388160632147"
"99"	112	0.0302059047563335	0.0812136441122255	0.0126425155222918	0.0329808003895628	0.242687606267536	0.702208601521596	0.107880862119075	0.0369902660320026	0.0302059047563335	0.00428474548525804	0.0716096675124971	0.0546374291973563	0.920354475544569	0.0484440769390967	-684.370627112755	"0.038737668274168_0.0812136441122255"	"0.499063822040544_0.500936177959456"
