risk	disease	IVs	P_mbe	eff_mbe	se_mbe	P_egger	eff_egger	se_egger	P_ivw	eff_ivw	se_ivw	P_weightedMedian	eff_weightedMedian	se_weightedMedian
fg	asthma	17	0.104751677964133	-0.247125419862018	0.152335789984748	0.294100952450119	-0.38766525965754	0.369497906035037	0.302745516853094	-0.148035631505281	0.143645314739323	0.114404723237654	-0.207882174784456	0.131679281724772	
bmi	asthma	101	0.172831333495197	0.183932889874475	0.134931017398067	0.0931649990105852	0.247270451781099	0.147278285546584	0.0150719304533323	0.135980044666656	0.0559439927275704	0.0538770998224126	0.160380828671134	0.0831926986485875	
fg	t2d	21	0.220211749456948	0.375504439380323	0.306292888080589	0.228588289798251	-1.2623765902657	1.04848263644381	0.0053640874156466	1.29240179239858	0.46417222461897	1.49151613799584e-07	1.18778339528294	0.226089263209428	
bmi	t2d	103	1.64420746256235e-12	1.21779956591342	0.172450154413238	0.000750055219802537	1.12463108512784	0.333659324603149	3.07441788025641e-08	0.719122359392735	0.129872405858326	2.67057318145525e-19	0.854476696173091	0.0951372286556942	
fg	stroke	20	0.204993173124474	-0.126625495812526	0.0999054354137772	0.00326219828751229	-0.526894487546847	0.179100909819188	0.905313642187338	0.0114046820804214	0.0958765998810968	0.194904973768228	-0.125421432116092	0.0967605139592897	
bmi	stroke	102	0.646686084789763	0.0366387355565121	0.0799325297367376	0.604299933228577	-0.0667519117573813	0.128808259946349	0.0212403664639179	0.115528538986815	0.0501494645913125	0.432300667794455	0.0515017819077277	0.0655855751281472	
tg	asthma	125	0.29059258617449	-0.0598154686991217	0.0565993499761481	0.379819123446803	-0.0659329356962907	0.0750748261684554	0.00464900109826235	-0.124286620116555	0.0439113451502236	0.309336938567663	-0.0518683032576211	0.051020630109662	
bf	t2d	10	4.94686072248969e-10	1.46963359982376	0.236245832627171	0.0452721033082426	4.87167752356856	2.43326262980719	0.232885756989697	0.637928988648456	0.534745480983371	9.02732840109039e-08	1.41454246495645	0.264633524482025	
ldl	asthma	174	0.668972046072865	0.0166859659159995	0.0390260911772361	0.783947276244549	0.0143591268430849	0.052371411386922	0.674691523317253	-0.0125610039858191	0.0299272511644754	0.842251572794757	0.00708190964856224	0.0355849318178223	
bf	asthma	10	0.511450111353517	-0.164289312688471	0.250219260700244	0.767581337387938	-0.181816017894371	0.615199184513861	0.635031553759454	0.0578619808511443	0.121902752759751	0.911823148073091	-0.0182300666377845	0.164621598816188	
hdl	t2d	202	0.146482364398851	-0.0712542647330929	0.0490708463744428	0.761954023924905	-0.0214283690201594	0.0707403458348141	0.00046455491646215	-0.138954961138133	0.0396968443484765	0.0426529167805918	-0.0907583053712983	0.0447726431745536	
hdl	asthma	197	0.440401636888972	-0.0305512526736158	0.0395990306389244	0.280875863069334	-0.0593226398122475	0.0550122192904291	0.847939236890578	-0.00611375584704762	0.0318842484123506	0.42369544951668	-0.0357649262550804	0.0447046775396258	
bf	stroke	10	0.936384943736611	0.0130520314355083	0.163529968590816	0.700826434397715	-0.176702939003981	0.459918247788614	0.887146396276081	-0.0130907625968203	0.0922430683862297	0.934552774994336	-0.00974079824833801	0.118619336248215	
tg	t2d	132	0.185194359620439	0.0889413710770555	0.0671291080047704	0.233244583873071	-0.107136024970603	0.0898760116231189	0.442188795405249	0.0406535262117277	0.0528996771999225	0.516406097504261	0.0402848184781829	0.0620821614313199	
hdl	stroke	207	0.239116539501385	-0.0310099319164796	0.026342157732653	0.485922962458668	0.0224894108880746	0.0322749036640984	0.0265193162538372	-0.0426733278246924	0.0192350327646833	0.0827374969412665	-0.047147651444811	0.027174146332402	
ldl	t2d	180	1.40714637828551e-05	-0.234879535545849	0.0540855237422257	0.000239518452617382	-0.2315442104729	0.0630358568536666	4.58772288775972e-05	-0.135427007206774	0.0332279588632901	4.01542298633294e-05	-0.175072971822519	0.0426321968894747	
ldl	stroke	184	0.00210164540228877	0.0740909053853427	0.0240908486036171	4.63353705353331e-05	0.118991699480948	0.0292120172064992	0.000171635570336682	0.0712198466341157	0.0189541702101075	0.009567866384679	0.0727374651603119	0.0280723907083507	
dbp	asthma	1116	0.488475349803176	-0.0137197085045375	0.0198051088575377	0.339254261911984	-0.00991993482491417	0.0103804123092532	0.479328578386205	-0.00254290263692523	0.0035948038039942	0.183575319725365	-0.00609909919385301	0.00458638588126566	
sbp	asthma	1054	0.651822791741351	-0.00506631354799991	0.01122775080809	0.944243567718508	0.000398847864052219	0.00570293513943788	0.0601305932232583	0.00370342742466894	0.0019700812985133	0.722627755250675	0.000952158328934672	0.00268252107592351	
dbp	t2d	1168	0.782526320973224	-0.00466388497268966	0.0168964007427155	0.523052821014994	-0.00743868544014412	0.0116475759258267	0.00351525056679257	0.0117902577226189	0.00403959566211278	1	0	0.00537179626786325	
height	t2d	5358	0.881193894019496	0.011490101136383	0.076879534702075	0.653718401036192	-0.0159145318974726	0.0354757953247109	0.412146386069046	-0.0130721126507439	0.015939223356285	1	0	0.0245433243047449	
sbp	t2d	1093	0.988217566491717	-0.000112676800151812	0.00762998675325252	0.884526353065648	0.00108029095581754	0.0074382935748722	2.23575646266999e-08	0.0147992999497112	0.00264618538695207	1	0	0.00313458941981197	
height	asthma	5244	0.323076891524962	0.0633321336081689	0.0640913146705634	0.565364527586866	-0.0191608036068739	0.0333294128543972	0.00698645869244107	-0.0404380745177533	0.0149910061134523	0.715890519256448	-0.00815885213909264	0.0224171101040186	
height	stroke	5357	0.304283550052376	-0.0568033531178083	0.0552943263519093	0.181388796038769	-0.0320749199008557	0.023999351026449	1.31308740841774e-05	-0.0469359680660044	0.010770286457874	0.0154257466815085	-0.0405599072500551	0.0167448885685797	
tg	stroke	119	0.805814139052318	-0.00879036774235065	0.0357579704841311	0.116176330553662	-0.0659473747351059	0.0419772329025238	0.557335670287744	0.0146403550939442	0.0249493305917449	0.844982457065867	0.00677982040494978	0.0346750648820956	
sbp	stroke	1313	1.06778123920748e-06	0.0304979898536159	0.00625123155069641	0	0.0386621786520312	0.00392746965940869	1.01371346541258e-85	0.0280001326101894	0.0014270147581101	1.81960005383933e-52	0.0293829672815896	0.00192757800867945	
dbp	stroke	1363	1.45948160458371e-07	0.0561692504788567	0.0106834409016419	0	0.055881302255988	0.00632805563551179	2.02976104695572e-78	0.0442507906718616	0.00236035913321397	6.42206440472191e-55	0.0507006297358885	0.00324837493427358	
fg	cad	21	2.27713498350953e-05	0.293955267132098	0.0693973965897236	0.126867504109494	0.262713251297902	0.172093600639656	0.00135989147584198	0.248333173918159	0.0775306708066747	3.44761101146342e-06	0.303947975311882	0.065475341299566	
bf	cad	10	0.00701412018063144	0.371499395609244	0.137787663764357	0.665566861863719	-0.573854305740769	1.32762833485128	0.888150403298532	-0.0357541058379594	0.254215279360221	0.038572675488049	0.260590088876607	0.125967022915166	
smoking	asthma	110	0.534631927454802	0.261505016926648	0.421136382326223	0.849481781290669	0.13733423255406	0.723650889198832	0.587032917023232	0.0811923615046869	0.149486787282981	0.682428443428438	0.0737061688065267	0.180143929058335	
bmi	cad	102	3.3207695096007e-07	0.320690738539806	0.0628279555360758	0.631634204785195	0.0640353027023761	0.13356605730232	3.57561035932764e-08	0.287572397822529	0.0521850749772679	7.73168106716821e-12	0.3292445446124	0.0481110114834363	
ldl	cad	188	3.0561604782798e-33	0.26483141824017	0.0220463931406071	0	0.356305747034506	0.0427989153653542	5.69524835628322e-41	0.378728070236059	0.028253929684218	5.67531185133403e-40	0.315112642379116	0.0238130443152227	
alcohol	asthma	41	0.747913307480507	-0.112781404447844	0.350915352968848	0.10536888217909	-0.676250177441232	0.417602225997091	0.498230266942618	-0.0951720638665234	0.140521638920904	0.674559963416143	-0.0855119730583041	0.203649389937194	
alcohol	t2d	43	0.441070647272299	0.121405723091215	0.157590663854201	0.296148303604419	0.232384766713891	0.222435481776839	0.29532163201204	0.15643021077069	0.149476751840735	0.489581176838669	0.1162605504968	0.168255769595877	
smoking	t2d	113	0.98007897265953	-0.0106217489538096	0.42538212291346	0.920131943937175	0.074666147293232	0.744669344185345	0.126980412154448	0.239489538261798	0.156927246430326	1	0	0.208416992536763	
hdl	cad	209	6.16002361120034e-07	-0.130988091817866	0.0262704849714769	0.186466701052067	-0.064992787051802	0.0491958155859473	4.96503327834429e-10	-0.184438417329115	0.0296514977726705	1.22170844621123e-09	-0.151046053628511	0.0248538582616493	
tg	cad	134	1.08906390609932e-11	0.240480758045851	0.0353949464369122	0.0185139133667893	0.142959943744663	0.0607003119917735	2.37858428956855e-15	0.28432494584198	0.0359004392259435	1.92278734757514e-17	0.26162889785866	0.0307857899708807	
dbp	cad	1409	3.52084620626627e-06	0.0634250136419824	0.0136755769570726	0	0.0606035975330526	0.00635347019386637	2.9063139111299e-108	0.0527727277690212	0.00238749698238658	1.63014793088189e-107	0.0565709369389894	0.00256839449044888	
bw	t2d	54	0.0129227604919965	-0.551185487992377	0.22172554135053	0.0482103252788713	-1.16794038540973	0.591209618008413	0.000233616957847042	-0.600382224726666	0.163165896304825	0.000574353442990402	-0.445406984161868	0.129349237917452	
bw	asthma	51	0.411110808166595	0.144884291502249	0.176271039062762	0.992688944374846	-0.00255935573486274	0.279308755784846	0.311360654643287	0.0782237576286324	0.0772678696661526	0.504453053884982	0.0665877360087175	0.0997569650341223	
sbp	cad	1334	1.14262336280674e-06	0.0313035779332125	0.00643400082512564	0	0.0377888701332628	0.0039635398804517	1.37906575523454e-135	0.0360874658614314	0.00145615811175898	2.9904801107538e-115	0.0345255611736601	0.00151303794419809	
smoking	stroke	125	0.0683468726661956	0.550378272777432	0.301955534111896	0.0141001170995141	1.06443182133734	0.433629640241427	0.00179275347994868	0.294718312147759	0.094383047893919	0.0108424346209775	0.321817137907273	0.126314924398356	
alcohol	stroke	53	0.591635548800198	0.0650696392436987	0.121292807662479	0.787101510011924	0.0356949947322645	0.132166306548316	0.2665348817156	0.0907329523383229	0.0816621085867127	0.763584474680438	0.0374418791665878	0.124483810876019	
smoking	cad	125	0.016411303511681	0.559757742744584	0.233267601141551	0.163446809782719	0.567885873215457	0.407503714735537	3.14438352039705e-09	0.531580181871195	0.0897351795833486	1.36961035468137e-10	0.63874303334488	0.0995045444426038	
height	cad	5377	0.00229051026289237	-0.121556222565474	0.0398580935687856	0.000618766767664924	-0.0738813212615356	0.0215822032646032	5.45452590526072e-30	-0.111007750187608	0.00975735152374445	3.42892980987002e-13	-0.0939200363963966	0.0129075195028897	
alcohol	cad	54	1.99357222381208e-05	0.374349572591111	0.0877599260046787	0.00880028293926594	0.386009269202111	0.147347712312366	0.0487289653421882	0.184684444384966	0.0937030003041742	0.000121516008420579	0.354899835659557	0.0923485459530355	
bw	stroke	56	0.482857865615191	-0.123534512792839	0.176046943041947	0.0423655662076285	0.444335195026171	0.218893907556467	0.199186415261416	-0.0863196919804503	0.0672338274213488	0.322610371425597	-0.0773796746589596	0.0782317860687606	
bw	cad	58	0.34139227491692	0.100609034026903	0.105746416533796	0.444224106707859	0.157481276804002	0.205836442379529	0.081611299294389	-0.124846783952333	0.0716928264861281	0.627295683737378	-0.0287011623333893	0.0591122404182187	
