"simNum"	"IVsNum"	"P_largestGroup"	"eff_largestGroup"	"AIC_random"	"gamma_random"	"prop_random"	"eff_mean_minClass"	"sd_minClass"	"P_minClass_mean"	"eff_mean_maxClass"	"sd_maxClass"	"P_maxClass_mean"	"correct_factor"	"CHVP_test_correct"
"1"	9	108	0.0947758485036825	-0.032803026412272	-658.950885167905	"-0.032803026412272_0.204354302593932"	"0.518598208870363_0.481401791129637"	-0.0268766752802521	0.0194600718032529	0.170120003573727	0.192749215218686	0.0329757035019735	5.5466594043333e-08	1.35863864336351	2.1539119246293e-08
"2"	5	92	0.108585247289294	-0.0579646414270359	-549.286933666674	"-0.0579646414270359_0.189046867874096"	"0.500732982925858_0.499267017074142"	-0.0413949673408592	0.0357696065905816	0.250192164233978	0.172506437204701	0.0361279473409676	6.84453426285128e-06	1.17598200219572	3.68824874679636e-05
"3"	4	105	6.38362897988729e-12	0.15680993419341	-657.121192838741	"0.0779122510678606_0.15680993419341"	"0.481212222669334_0.518787777330666"	0.0841248593176595	0.0357364829361355	0.0204496118502506	0.151101763174992	0.0202288039509548	2.59367745852494e-11	1.17608050724028	0.128043747942842
"4"	10	115	0.0328561738426952	0.057536994627389	-720.656737792594	"0.057536994627389_0.152370832342457"	"0.506771661479506_0.493228338520494"	0.0715503989947339	0.0266358634291259	0.00830606567957366	0.136074958370803	0.0355214022957567	0.000209426318373854	1.23561027843249	0.190870288884216
"5"	6	95	1.80597638346529e-06	0.177838232724937	-547.205975496135	"0.0193099525677457_0.177838232724937"	"0.494614294094891_0.505385705905109"	0.0216125709348706	0.0421441274878504	0.609276645888009	0.177011447137315	0.0349149515800554	1.99143553073457e-06	1.12756328239605	0.00561400347429468
"6"	2	88	4.57215548097602e-05	0.142177912672877	-492.464504647489	"0.00173762940016713_0.142177912672877"	"0.452046022192697_0.547953977807303"	0.00263808263356274	0.0580555627807274	0.963860218952335	0.148162272566079	0.0331229163785996	2.31877332136514e-05	1.39819176683044	0.0505814397985486
"7"	8	124	0.68622836540554	-0.0120697980876374	-742.775569597267	"-0.0120697980876374_0.213521032966612"	"0.500107174481209_0.499892825518791"	0.00130449388647654	0.029806724143687	0.965162626066019	0.200880367907803	0.0290771799540475	2.32702906599068e-10	1.55810349226701	4.95323172068271e-06
"8"	7	111	0.0010597318119241	0.14867901373695	-661.017108041418	"0.0980323210912524_0.14867901373695"	"0.499983088918342_0.500016911081658"	0.0739273722478804	0.0451726945902605	0.104582543991787	0.174213819805907	0.0442032243011239	0.000142817847698939	1.03076864583707	0.117164235896867
"9"	3	102	0.00203525370691959	0.139026822778628	-610.679124191575	"0.0487311918662889_0.139026822778628"	"0.498708585623741_0.501291414376259"	0.0307895688106289	0.0338354054622944	0.364999168112076	0.158408788967333	0.0438943708899943	0.000480422887238886	1.76433779026008	0.0561352639209597
"10"	1	111	0.000297936974535489	0.143936630670781	-687.14332159282	"0.0469496684216229_0.143936630670781"	"0.49904165817344_0.50095834182656"	0.0296745795764451	0.0345324093238328	0.392029800226691	0.161918344976161	0.0385242471352322	5.38019876597475e-05	1.63146519421038	0.025564752940741
"11"	12	97	0.0302690330316629	0.0904042112899148	-571.595024582755	"0.0904042112899148_0.0904370840598466"	"0.500000000000022_0.499999999999978"	0.0603632944063502	0.041108823742691	0.145270637170703	0.122014172655413	0.0421699934467557	0.00471615843979354	1.37146965018833	0.407563246364768
"12"	15	86	1.2582633340854e-06	0.210001075675764	-501.20124816305	"-0.00126064361709163_0.210001075675764"	"0.499598408062817_0.500401591937183"	0.0186488285495015	0.0515983313029253	0.718680022342431	0.195231506807835	0.040243781786444	5.49659254075618e-06	2.32335934645567	0.0360746254860819
"13"	13	107	0.0258311706243286	0.0975125087825408	-634.078757021683	"0.0975033038115566_0.0975125087825408"	"0.499999999999998_0.500000000000003"	0.0752788007999591	0.0342202383498467	0.0299899978174353	0.124910834426765	0.0431368748711984	0.00459546788461751	1.1338635111611	0.413819119604906
"14"	11	111	0.588361544658632	0.017760996349434	-657.827927994437	"0.017760996349434_0.160469329477198"	"0.502389471210412_0.497610528789588"	0.0164632252206521	0.0327207090181291	0.615869094971711	0.163862242301965	0.0452890825206419	0.000449773856448235	1.06479682929892	0.00929161693008551
"15"	14	94	5.54102395404233e-07	0.204218973003065	-555.943146874855	"-0.0168267316014885_0.204218973003065"	"0.497957390620128_0.502042609379872"	5.90344327827443e-05	0.0430681631878955	0.998909259264016	0.187823540700826	0.0379607040785162	3.32744371586512e-06	1.54594236845724	0.00262132077991287
"16"	17	85	0.053482769451341	0.0741745480312855	-504.623169603046	"0.0741745480312855_0.14475198486595"	"0.503164524561999_0.496835475438001"	0.0548808286155388	0.0378719915818605	0.151028834418578	0.16550046658823	0.0443981436489331	0.000349679770011132	1.39369240447577	0.0950141132379164
"17"	16	105	0.264032469664399	0.0305491424177698	-646.425774018855	"0.0305491424177698_0.179966697382506"	"0.502087967385461_0.497912032614539"	0.0342066051354951	0.0272036822358863	0.211415909386892	0.176198570434619	0.0376162077492048	8.53582730812795e-06	1.2548390282132	0.00342859589123965
"18"	20	125	0.514249355128747	-0.0179176878198703	-764.867725317699	"-0.0179176878198703_0.14102387352013"	"0.502486822349265_0.497513177650735"	-0.0110865411712851	0.0273922809774133	0.686371609498949	0.135878223318051	0.0356729148743188	0.000218382686856014	1.50425070615039	0.00249366266005484
"19"	19	98	0.0657793625962363	0.0740022432952908	-561.507908121824	"0.0740022432952908_0.126196033623812"	"0.500665998812851_0.499334001187149"	0.043640553708763	0.0397657372127874	0.275165475309289	0.15591837290996	0.0477428675280722	0.00150930860856334	1.31637158948054	0.10510512526935
"20"	18	121	0.606464999300349	0.0220572926916313	-691.4066205706	"0.0220572926916313_0.16518767097734"	"0.50042967295563_0.49957032704437"	0.0174640822283763	0.0427064063861594	0.683317333724376	0.169481350237477	0.0535351364079194	0.00196074841758682	1.93735819279361	0.0804209920918711
"21"	21	107	0.630906801536193	-0.0143234500288824	-668.864840074184	"-0.0143234500288824_0.166458666725854"	"0.503987950566388_0.496012049433612"	0.000168198571509273	0.0297260320665797	0.995495995465429	0.150685315783227	0.0333301124942459	1.60908176028365e-05	1.31197126452983	0.00129962609719583
"22"	23	96	1.30485787474089e-09	0.200097821364138	-575.338894468566	"-0.00322478751947122_0.200097821364138"	"0.496747897900133_0.503252102099867"	0.00416758481647269	0.0383253517960018	0.913636288537844	0.193627930381697	0.0297527643294525	3.56848367391112e-09	1.25486127553537	0.000153601394836639
"23"	26	113	0.00157698395875908	0.0962624091520387	-689.880005262923	"0.0962624091520387_0.0962778517922189"	"0.500000000000003_0.499999999999997"	0.0835459821648127	0.0297161872066864	0.00582375044630211	0.110320426529053	0.0322488198641218	0.000871886848868056	1.22763379507801	0.628323411256405
"24"	27	101	0.396860026476337	0.0288695961878242	-617.966051894563	"0.0288695961878242_0.213326320103852"	"0.501156323550723_0.498843676449277"	0.0442913994897588	0.0339284663611205	0.194740370919908	0.197582355058574	0.0343707883750584	9.79859889558813e-08	1.25912884721924	0.00235420406467754
"25"	28	92	7.03061240117553e-14	0.25130331416542	-555.28066811779	"0.0129130886546883_0.25130331416542"	"0.498627149683118_0.501372850316882"	0.0204329333633818	0.0276861596063168	0.462401415448973	0.244327998163198	0.0284477537774437	2.2865057403992e-13	1.3830372074865	3.94254731272488e-08
"26"	24	100	7.34217087519322e-05	0.157171249592312	-595.304332986894	"0.1571284939249_0.157171249592312"	"0.499999999999981_0.500000000000019"	0.12525436340971	0.0387337271101551	0.00166077959643226	0.194229384379792	0.0379751726965741	1.5396405926805e-06	1.16670871389519	0.243603626751601
"27"	22	122	0.0150578618228091	0.0790547087610869	-714.208983659049	"0.123835287493357_0.0790547087610869"	"0.486947000584488_0.513052999415512"	0.0562360651615961	0.0320557212158307	0.0819068881712924	0.144515117063578	0.0458315918325652	0.00203690493600917	1.18613553847611	0.14349912946855
"28"	29	84	0.000336760135994846	0.202729630562686	-498.624885587048	"0.0457821405647738_0.202729630562686"	"0.499399341071283_0.500600658928717"	0.0591779068819765	0.0511643535670157	0.250744265996595	0.192526675976737	0.0541967056270839	0.000632560721219697	1.41698627661253	0.121424642827383
"29"	25	138	0.67231103248544	0.0129622051433169	-844.721819318633	"0.0129622051433169_0.203108093366189"	"0.500542548046155_0.499457451953845"	0.0233954234405981	0.0305791902415087	0.445541862326383	0.192394083970268	0.0296175007662616	1.41030902859351e-09	1.66122696831299	0.000231233904789769
"30"	30	82	5.02112753377034e-05	0.167561882644914	-490.906787869741	"0.0296367376283072_0.167561882644914"	"0.499934254742541_0.500065745257459"	0.0351050510532528	0.0417719886914715	0.403159770815895	0.162820336128731	0.0391162772478126	7.80041442036977e-05	1.41585075361636	0.0452994674048747
"31"	31	92	0.0114735384169505	0.0777271088690817	-580.877212703169	"0.0777271088690817_0.11521826805218"	"0.500595933240711_0.499404066759289"	0.0587536185426779	0.0301237502532586	0.0542048241235496	0.134579641533232	0.0322337642306178	6.81137811039727e-05	1.45281044991556	0.144701798310677
"32"	32	110	0.119223252011862	0.0437672906638354	-681.951717153266	"0.0437672906638354_0.172964343697031"	"0.503200482596671_0.496799517403329"	0.0423029641446959	0.0278703627762451	0.131947925945722	0.174923849160205	0.0299416577947946	5.42124463952834e-08	1.10934428161608	0.00144840142552349
"33"	35	104	0.019165116881731	0.081315264024097	-647.585875996903	"0.081315264024097_0.174486647864074"	"0.500403670000145_0.499596329999855"	0.0867251782672411	0.0341697899902525	0.0126439445200838	0.169553077259188	0.0365623782655236	1.0394138071236e-05	1.11113604541358	0.1129472715251
"34"	38	86	0.155966974000846	0.0531249978185598	-519.534629292893	"0.0531249978185598_0.171438103786388"	"0.501513244257712_0.498486755742288"	0.0548554980575782	0.03711262603588	0.143081954027155	0.170777696258166	0.0481027696190484	0.000630084840704656	0.988909409682811	0.0554830370041473
"35"	34	98	0.000416415131257752	0.146850560718151	-572.816631129189	"0.0706597165092481_0.146850560718151"	"0.499766079993037_0.500233920006963"	0.0454864907130524	0.0510654652093696	0.375268136171304	0.159718311003316	0.0401693928194738	0.000134928429721657	1.26374419273448	0.109579195325886
"36"	33	108	0.00328743076283331	0.0677920666510921	-683.701185229224	"0.0677920666510921_0.146685169506371"	"0.50291166220665_0.49708833779335"	0.0705775991304717	0.0225439313540715	0.00224883801495052	0.144356670386031	0.0329325631057832	2.74026806124068e-05	1.46555731850688	0.113077345216315
"37"	36	105	5.50950221666438e-11	0.191937363683386	-619.209767528736	"-0.0370544095879967_0.191937363683386"	"0.495879849648934_0.504120150351066"	-0.033158954038845	0.0400247591973004	0.409306673471323	0.188490926053752	0.0262323334188893	1.04922684194463e-10	1.50455692240278	9.77301729192865e-06
"38"	37	103	4.78222731385169e-06	0.165785598354688	-637.584447028615	"0.0705118449784352_0.165785598354688"	"0.498763135773124_0.501236864226876"	0.078420099762253	0.0379790285720111	0.0414761012468637	0.160156269918423	0.0343107554583922	9.28881815372069e-06	1.18771059404081	0.138693882080305
"39"	41	119	1.07507683473357e-07	0.0999550360000954	-736.312925056094	"0.0999550360000954_0.0999551380191917"	"0.5_0.5"	0.096700441936161	0.0176566957375192	2.48332432117033e-07	0.105141525199239	0.0222420470133443	6.35237176008166e-06	1.34377578738684	0.8663224862931
"40"	40	90	0.304541160414897	0.0435460481438781	-537.707361935006	"0.0435460481438781_0.125725103690618"	"0.50101558678642_0.49898441321358"	0.036621119029299	0.0421670712964731	0.387469321181879	0.132385842221721	0.0446378566092939	0.00387553838275486	0.983695547494425	0.116340622869475
"41"	39	136	0.831300199927751	-0.00787910249084155	-809.600517367223	"-0.00787910249084155_0.202887685637685"	"0.500282387221512_0.499717612778488"	0.00289738733542437	0.0369135944856314	0.937553659605591	0.19195324817685	0.038783197480925	2.18079772617274e-06	1.55261425560241	0.00105958987834531
"42"	42	102	0.126677891009394	0.044497044792118	-641.632166681887	"0.044497044792118_0.209309189064682"	"0.501165775276364_0.498834224723636"	0.0553889138726798	0.0288934365597813	0.0580630303976542	0.199213228050883	0.0304066964205872	2.42403346785295e-09	1.42409141233926	0.0012597054857646
"43"	45	115	7.55367126922117e-08	0.176314869661163	-711.427875070942	"0.0160719406369445_0.176314869661163"	"0.498028038123564_0.501971961876436"	0.033373160427369	0.0396922001665187	0.402220675418273	0.15947681009242	0.0306571732249942	8.79079329637145e-07	1.05540189710508	0.0130582979358375
"44"	48	109	7.91211240776414e-07	0.159973357877542	-681.458512034603	"-0.0141301806728995_0.159973357877542"	"0.498772494775406_0.501227505224594"	-0.00402064280617669	0.031331417324033	0.898129462072773	0.15055466820225	0.0305117482894237	2.93791659138037e-06	1.17194821265738	0.000563302896838356
"45"	44	114	0.00742381157543604	0.0622649924080414	-714.877098059961	"0.0622649924080414_0.158354069149072"	"0.50952827666821_0.49047172333179"	0.0601806336396511	0.0228376828508069	0.00959065525237636	0.160938092065339	0.0278722443408948	6.90979511992592e-08	1.73277255894684	0.0148131853883992
"46"	43	109	0.000191347674816307	0.148316731435508	-611.508649470571	"0.0207018630978145_0.148316731435508"	"0.491797079759538_0.508202920240462"	0.00451888999749766	0.0451176961775179	0.92040472277384	0.159147322677062	0.0383939521072567	6.77710835366451e-05	1.72974653410986	0.0247846743614314
"47"	47	114	2.41892759097115e-09	0.172288965572651	-692.872166663853	"0.0299742843305518_0.172288965572651"	"0.497502632454091_0.502497367545909"	0.0370049445647049	0.035175749007449	0.295043262880869	0.165423197087916	0.0265653947356252	8.34380762104047e-09	1.39067147579996	0.00667694770846075
"48"	46	101	0.359328285525137	0.0388157090581223	-596.600624428573	"0.0388157090581223_0.168066179132557"	"0.500581014277731_0.499418985722269"	0.0297276740676202	0.0421505781674063	0.482279807805557	0.178274065365845	0.0397731677221053	1.97025446248569e-05	1.30925289481749	0.0166278683623016
"49"	50	97	0.819173599340903	-0.00757292647128429	-593.447921357614	"-0.00757292647128429_0.148266715455179"	"0.504142846151738_0.495857153848262"	0.00022483516707008	0.0330355832273586	0.994583883692209	0.138442226821661	0.040561828689202	0.000941906645653897	1.35275015725985	0.0141445309707262
"50"	49	112	1.45011948994997e-05	0.142376450150708	-661.649789698312	"-0.0239708898757531_0.142376450150708"	"0.496835702760074_0.503164297239926"	-0.0253768758803243	0.0435708938511217	0.561460149318271	0.142852540583442	0.0313788292558989	1.36472744511064e-05	1.14428288926963	0.00223494555337207
"51"	51	90	1.05948852341474e-05	0.187866575201034	-534.696975202252	"-0.0340922862837238_0.187866575201034"	"0.497663508593617_0.502336491406383"	-0.0199367038817679	0.0400577322457953	0.619923521135003	0.173267082704101	0.0402259299539266	4.24358380952158e-05	1.52966775430575	0.00161804490819359
"52"	52	105	0.256290917684677	0.0350218743558128	-600.488251843254	"0.0350218743558128_0.164595036350434"	"0.50492259339756_0.49507740660244"	0.0363381019905397	0.0306810584093942	0.238961486380949	0.167990802053426	0.05754484720163	0.00430115269387485	1.58315702485974	0.0890107270379041
"53"	53	97	1.32013830188817e-05	0.16102767417935	-607.925587337059	"0.0372644581290039_0.16102767417935"	"0.499090395100441_0.500909604899559"	0.052450347590933	0.0377163844960093	0.167546437595235	0.146409724099098	0.0350503220348783	6.50419252166987e-05	1.33441472514201	0.10331984846722
"54"	55	112	0.337839192825398	0.0407735798210517	-649.863451574136	"0.0407735798210517_0.204120243663593"	"0.500723561616689_0.499276438383311"	0.0451861937830674	0.0423576335369482	0.288386832244037	0.19859063036593	0.0456055818193657	2.98353666486489e-05	1.28604314774057	0.0210931646980152
"55"	56	101	0.00173525442344172	0.1062968217721	-615.175051182746	"0.0611410993662843_0.1062968217721"	"0.49046771636543_0.50953228363457"	0.0399666744305115	0.0292364750792354	0.174686109172048	0.127499308932896	0.033022291073189	0.00020042216736706	1.40400634351966	0.0792438539279302
"56"	54	119	0.00236386257495917	0.0931959193963906	-690.053448858668	"0.0931959193963906_0.136750807985657"	"0.508276441204235_0.491723558795765"	0.0830907332801981	0.0299900916038885	0.00650203216160843	0.143472923759451	0.0351481340677476	8.15967144468308e-05	1.10337718972459	0.214921848970446
"57"	57	99	0.279007976867211	0.050754648849899	-580.130296910201	"0.050754648849899_0.168186778551326"	"0.501135209792112_0.498864790207888"	0.0282892495278651	0.0466245434615688	0.545422655890005	0.188998476014552	0.0409562999811927	1.19366607223232e-05	1.63181709666875	0.023372412433743
"58"	60	91	1.99295375115434e-11	0.208638304928604	-528.924667629462	"-0.0216658157079876_0.208638304928604"	"0.496062978225359_0.503937021774641"	-0.0195520277356267	0.0415319111479538	0.638943135659876	0.204269567681035	0.0272214609901612	4.23944096113918e-11	1.65083719807647	2.24016612259208e-05
"59"	61	115	0.327157987636592	0.0294134265741171	-698.544002438206	"0.0294134265741171_0.153109014974621"	"0.505155735152951_0.494844264847049"	0.0273035276568597	0.0298891302063687	0.362910966929341	0.154890152227219	0.0300558794941969	1.08499387124845e-06	1.44024825382018	0.00529669101461319
"60"	58	124	0.537351366715911	0.0186637363691711	-746.152415553708	"0.0186637363691711_0.172839994868132"	"0.502381364144615_0.497618635855385"	0.0239720195309756	0.0301729752862195	0.428442559621715	0.167982082052668	0.037960313452925	2.09744328813366e-05	1.30310515119327	0.00491742584707669
"61"	59	122	0.900733532031789	0.00391267020199143	-750.3787422069	"0.00391267020199143_0.181815416617982"	"0.50139657968975_0.49860342031025"	0.0185929273112358	0.0313021681555735	0.553632962879104	0.169502948719781	0.0400257957486901	4.48328119938004e-05	1.62755223563012	0.0077463563171772
"62"	62	109	7.88581312152562e-05	0.176267221074666	-657.513465538314	"0.0107073036212907_0.176267221074666"	"0.499210015839293_0.500789984160707"	0.0215931814671313	0.0441669731056175	0.625904681803941	0.165524406680573	0.0429425935593253	0.00019726138193624	1.71294530020819	0.0490532556030897
"63"	63	97	0.0480651970136135	0.0704653183418972	-569.394420501729	"0.0701999038429165_0.0704653183418972"	"0.499999999998181_0.500000000001819"	0.0349495797970195	0.0452517255402785	0.441812142223418	0.104355397039735	0.0351908534574619	0.00381350098222835	1.69563583418334	0.405475628038353
"64"	64	105	0.0390658463933793	-0.0708562148190147	-586.936389408232	"-0.0708562148190147_0.216391125448751"	"0.501189762296796_0.498810237703204"	-0.0606465337082303	0.0339041406971301	0.0765640763683914	0.204512314437604	0.0343493202670199	3.58623637937367e-08	1.34236961821818	8.32083226802286e-08
"65"	66	113	0.0447030962394657	0.0906628965548336	-678.278117333065	"0.0906508299761061_0.0906628965548336"	"0.499999999999986_0.500000000000014"	0.0680196227694486	0.0313851174571877	0.0323328953718605	0.12767350390404	0.0446565659225967	0.00506948264164498	1.0534497412827	0.290158697758482
"66"	70	99	0.921401381305454	0.00311890596829139	-614.635877842455	"0.00311890596829139_0.167423147298789"	"0.502178804837726_0.497821195162274"	0.0183273748074052	0.0315285865062748	0.562376998805993	0.150935728156423	0.0325516493356455	1.09339309581718e-05	1.87210085893361	0.0119484344324595
"67"	67	107	0.289169625485659	0.0292114910180499	-672.068608774132	"0.0292114910180499_0.168119880790838"	"0.501941490017331_0.498058509982669"	0.0383502472702521	0.0274214126166459	0.164866592887422	0.160195803513828	0.0334349286205072	5.41821967146758e-06	1.13837448406226	0.00610844810348828
"68"	69	90	0.00132615103299994	0.146731437182505	-526.687279819629	"-0.0143071423864676_0.146731437182505"	"0.499840223638727_0.500159776361273"	-0.000641125690511994	0.0380711968339897	0.986601812488983	0.130989971548763	0.0442598472164254	0.00394723761213939	1.24513977693817	0.0344833345042155
"69"	65	100	7.04159182877088e-05	0.158935069299115	-596.595514920295	"0.0337795268078771_0.158935069299115"	"0.499712384445588_0.500287615554412"	0.0340966170662744	0.0399565824887387	0.395529812785989	0.160699221160411	0.0382972347242886	5.92965205453296e-05	1.85409835625922	0.0636559740111341
"70"	68	93	0.0200855561678438	0.101165181635011	-554.672994205425	"0.0364753101358408_0.101165181635011"	"0.499946529525127_0.500053470474873"	0.00328184817761878	0.0432793513389669	0.93971946188869	0.133831662156806	0.0427599430255812	0.00234388003169674	1.04694056975733	0.0342439112732209
"71"	71	116	3.0017369410531e-09	0.211728934833676	-705.239543317805	"-0.00731073836163158_0.211728934833676"	"0.492643964268891_0.507356035731109"	0.0147805555323057	0.0392230516960644	0.706991856152418	0.193485928061266	0.0329218728414514	4.15666608284628e-08	1.63094888440907	0.00137930553259612
"72"	72	118	2.21510355860312e-11	0.178643235359062	-712.092475640461	"-0.0209114559197938_0.178643235359062"	"0.495561748940801_0.504438251059199"	-0.0181387886070502	0.034728361141671	0.602445680157444	0.176129464835066	0.0241289623874826	3.77501774563529e-11	1.22648440045451	6.96327122241199e-06
"73"	74	102	0.536599469116419	-0.0254619497883911	-606.835340286868	"-0.0254619497883911_0.157871751052317"	"0.501184246279774_0.498815753720226"	-0.0142029449091451	0.0410621418909518	0.730145548149641	0.146037481634032	0.0424167091207947	0.000838808064510091	1.31897314179652	0.0109582904710024
"74"	73	103	0.0734954520760516	0.0925366442880768	-605.687940847555	"0.0677520439631276_0.0925366442880768"	"0.49974549410718_0.50025450589282"	0.00332139772183525	0.0406464247686346	0.935033968397535	0.160356414175451	0.0511713000099341	0.00225398664633217	1.5124462514346	0.0331512662538323
"75"	77	100	0.0199316500153074	0.0764515838694824	-589.203423590415	"0.0764515838694824_0.102561078639448"	"0.505382827195535_0.494617172804465"	0.0635329691926871	0.0323133074381904	0.0520812772137498	0.109813241102116	0.0274618121181179	0.000122802957755297	0.941305721920586	0.257798781714082
"76"	76	118	2.79104474414293e-13	0.17768136284753	-733.977444520701	"0.00380173480030225_0.17768136284753"	"0.495644424977763_0.504355575022237"	0.00825054659229411	0.0322342250810658	0.798434203815873	0.173792638681856	0.0215564320800544	7.22679579358603e-13	2.10864695501758	0.000128749085850623
"77"	78	100	3.83072327199063e-10	0.182876651835551	-608.543792514826	"-0.00596748540076256_0.182876651835551"	"0.495050753643849_0.504949246356151"	0.000490807565354775	0.0468308761134786	0.991659073160024	0.176291499302045	0.0262930815281248	1.25438088831905e-09	1.38527220770178	0.00204666522394791
"78"	79	110	0.0042715389029897	0.0717528437619706	-682.616632766699	"0.0716914672605761_0.0717528437619706"	"0.499999999999934_0.500000000000067"	0.0490694824669242	0.0270882612250531	0.072822394697017	0.0902761961863052	0.024584434662661	0.000374456180851033	1.26398304705922	0.334695665782605
"79"	75	122	0.00485156429533151	0.098327831821936	-746.885420140361	"0.098327831821936_0.129593323750341"	"0.500072461060843_0.499927538939157"	0.0803045550143595	0.0342650648666767	0.0207281243630041	0.139702997135055	0.0321192355104494	2.86432512672027e-05	1.37750683538505	0.298232060541389
"80"	80	90	0.00490552917970478	0.115172619938704	-535.561482666837	"0.0488414684018619_0.115172619938704"	"0.49427612984043_0.50572387015957"	0.0279629652366597	0.0359091321904137	0.43821339753295	0.13880417248277	0.0399173152977352	0.000785622419557661	1.73225598869808	0.0934257745250819
"81"	81	103	0.702603377282572	0.0134898013823501	-584.665129355343	"0.0134898013823501_0.209669857615738"	"0.503068883601031_0.496931116398969"	0.0219601786671254	0.0352321909609637	0.534479524065255	0.20251025754694	0.0494783572652905	8.536534660939e-05	1.31026529111624	0.00492926298624536
"82"	82	114	3.10960360460215e-14	0.212401977347019	-697.838582198163	"-0.0106409638810128_0.212401977347019"	"0.495787457332548_0.504212542667452"	8.25751180028379e-05	0.0301126859846934	0.997816875999951	0.203198388819783	0.0244216878218652	2.25248115233438e-13	1.00541256985009	1.63618258543258e-07
"83"	83	107	0.756954213188116	0.0107208297946677	-656.485263353373	"0.0107208297946677_0.181202022623032"	"0.501041478397241_0.498958521602759"	0.0289506745271463	0.0345516643237196	0.403974893002661	0.16279886709623	0.0343647047073024	6.75113891059753e-06	1.56817256643509	0.0139476524729484
"84"	84	103	0.00550324399982102	0.0965836559310767	-635.504560272536	"0.0931695990286649_0.0965836559310767"	"0.499999977286807_0.500000022713193"	0.0687895970495419	0.032567668324854	0.0371107884129744	0.121179081811773	0.0340511450778898	0.000567357996346065	1.18098838922062	0.318283002259419
"85"	85	109	0.158261886893953	0.045307229214342	-642.945394886641	"0.045307229214342_0.154637645286678"	"0.503115767892628_0.496884232107372"	0.0398249039171426	0.0318890129626878	0.21441659730338	0.158728981762277	0.039719350290363	0.000117885876128781	1.89493254012533	0.0593248221570068
"86"	88	113	0.625520578023672	-0.0166811570926599	-670.175405313738	"-0.0166811570926599_0.214650264857715"	"0.50359259451826_0.49640740548174"	0.00166848411934651	0.0340853997487654	0.961046238847212	0.195669648133515	0.0370656441231521	6.43431302199335e-07	2.16891832873468	0.000747488104153632
"87"	91	91	0.00148853633093253	0.0837021091592598	-543.333018846493	"0.0837021091592598_0.129525449041402"	"0.506759704252256_0.493240295747744"	0.0728607680063132	0.0255375247801367	0.00537150183909916	0.141509842199858	0.0402961573828845	0.000698167476594481	1.08481616132192	0.166281381245224
"88"	89	119	2.94239512735122e-17	0.214930086799059	-726.251727109531	"0.0346588521500697_0.214930086799059"	"0.495162819478537_0.504837180521463"	0.0372058147096497	0.0316387056945029	0.241978415866695	0.213880546529515	0.021644848245586	3.83454107964654e-17	1.34622392670789	8.16533960553559e-06
"89"	87	114	3.30182787635371e-06	0.176962682277444	-666.716174319977	"0.00995975846523046_0.176962682277444"	"0.498975780789559_0.501024219210441"	0.010454199636991	0.0515646057959693	0.839702979802924	0.17310475447662	0.0361552279556891	5.1500760303067e-06	1.47339792410994	0.0196015842595216
"90"	90	109	1.27424975312075e-06	0.192645148775552	-632.204682684324	"0.0453171184960193_0.192645148775552"	"0.498588911355764_0.501411088644236"	0.0491688105370362	0.0456363206694864	0.283699940736901	0.189372731705969	0.0375376308225607	1.8457378762177e-06	1.04841614825221	0.019078732403046
"91"	86	130	0.00375082957694072	0.1197087914983	-779.656117742616	"0.0621737777918658_0.1197087914983"	"0.499633925074769_0.500366074925231"	0.0511151632927375	0.0379026389787956	0.179831172996531	0.131012447489201	0.0405504445842991	0.00156627054001949	1.40059556638702	0.228972592467486
"92"	94	95	1.49955053026464e-08	0.22266772000998	-552.924311162736	"0.0156490951280467_0.22266772000998"	"0.49694725551236_0.50305274448764"	0.0269161056071148	0.0469255874591776	0.567614271441792	0.212411835098307	0.0359184700743811	5.3689970147924e-08	1.48004770406671	0.00369967042434395
"93"	92	108	0.119659398052381	0.0706556660830933	-633.158028371199	"0.0706556660830933_0.14083250842337"	"0.500976794172636_0.499023205827364"	0.0538218748747199	0.0450395378344951	0.234732241161136	0.166318200280714	0.0454515011189633	0.000394524386930981	1.29288094455791	0.113238582363588
"94"	93	105	0.00436605846862359	0.138595873318242	-624.629998032494	"0.0402773077240591_0.138595873318242"	"0.497705152089107_0.502294847910893"	0.0225521762832386	0.0370932856479706	0.544522585881089	0.155729805038442	0.0475581211034237	0.00143797910255517	1.1790307607737	0.0354268338316193
"95"	95	92	0.665597508532861	0.0149680172498384	-554.626051065174	"0.0149680172498384_0.185449982980404"	"0.504008892770062_0.495991107229938"	0.0309377885806526	0.0345194998969519	0.372488882589224	0.169157815755555	0.0486262276006467	0.000774970574611892	2.09160594355796	0.0740511231443388
"96"	97	103	1.02237462500096e-05	0.134938596272753	-661.111091385606	"0.0422992522391097_0.134938596272753"	"0.499291095822512_0.500708904177488"	0.051856211337942	0.0348087276513589	0.139376396460268	0.124338593499239	0.0290575168828362	4.24379380677656e-05	1.44444692494853	0.179993983838617
"97"	99	98	0.990253429773497	-0.000417819305159528	-564.02994606139	"-0.000417819305159528_0.267892139620809"	"0.507423925858988_0.492576074141012"	0.0153641504437568	0.0341150869720523	0.653454180644496	0.249600793753826	0.0398016957466115	9.9629732647507e-09	1.54188623819427	2.22774927754981e-05
"98"	100	105	0.00275370971960046	0.0857959655932191	-627.62858197235	"0.0857959655932191_0.136851046642151"	"0.523144041005693_0.476855958994307"	0.0766575770877299	0.0279712580552782	0.00722002850618571	0.144360757729107	0.0362853702445925	0.000128492085297909	0.920962629130974	0.125666801428498
"99"	98	108	0.629306673601508	-0.0186354717794232	-647.824881322431	"-0.0186354717794232_0.161904046548762"	"0.500316752031898_0.499683247968102"	-0.00869774461623308	0.0384953577644924	0.821677018318995	0.153094546280727	0.0459933085664808	0.00119755089608662	1.45384943159391	0.0138447881814011
"100"	96	105	6.65679510776083e-08	0.23747070157417	-606.560855363962	"0.0130558331411246_0.23747070157417"	"0.498743270688757_0.501256729311244"	0.0207224948046402	0.0478358471734932	0.66576653422805	0.22694940919712	0.0408202481611011	2.10302844047134e-07	1.17939042914583	0.00143614068514326
