simNum	IVsNum	P_mbe	eff_mbe	P_egger	eff_egger	P_ivw	eff_ivw	P_weightedMedian	eff_weightedMedian
1	100	0.336215448126886	0.0488632908769232	0.136911288016897	0.0921902920990225	0.300200250381672	0.0175112317628069	0.326216855754403	0.0218608000360202	
16	117	0.813744735054144	0.011783628637315	0.240277167491551	0.0679184357441393	0.962704861335658	0.000732549790739669	0.804324565865067	0.00503964025670098	
51	106	0.263848249891271	0.0600502680391913	0.822097984156483	-0.0132492329584485	0.379561661286479	0.0137084214847233	0.202194601227125	0.0269750611142086	
41	117	0.399662503660684	0.0385986920832627	0.578902238594583	0.032262259549854	0.0188570047480245	0.0388407733025943	0.0388673591652477	0.0417472609969285	
76	110	0.696015710333793	0.0179501667943525	0.731392404898371	0.0178901082942896	0.021333927295815	0.0324246401770754	0.330694754964974	0.019642200658897	
91	116	0.225998509921795	-0.0547917844206627	0.533178510736099	-0.0417857641658509	0.889339177617474	0.00261126618072718	0.983583981145546	-0.000410524563257073	
6	104	0.889794112613377	-0.00631251881696593	0.47543601330485	0.0366199475618421	0.396233104906625	0.0134235717452118	0.696401427044929	0.00772527267041084	
11	121	0.901691324003704	-0.00690252771127886	0.278775595498136	0.0721151054469925	0.0550822598009518	0.0315508976341016	0.242554363005423	0.023972869620073	
81	97	0.431314194214638	-0.0388976598002931	0.127682145314905	0.0862734160686515	0.19755239537322	-0.019902740460706	0.124812197510155	-0.0317720685114219	
71	107	0.112451044977516	0.0781894734119611	0.806634444828107	-0.0145968394029228	0.518629850292902	0.0105566238993847	0.14214082003674	0.0299889003684805	
26	113	0.935930990257067	-0.00451607822049793	0.101223146988146	0.11389771820947	0.0120828016496949	0.0438782812991906	0.125289949287786	0.0324078064889538	
46	107	0.454486123705266	0.0425185905107872	0.91912146094833	0.00628817842246357	0.0286495729331804	0.0347602805632954	0.0496469596926975	0.0413184704658965	
96	98	0.414464810369507	-0.0424036200656638	0.213621417543342	0.0693533447291189	0.0978607566823216	0.0268351576403895	0.0764458761179624	0.0392479540603668	
56	116	0.60713071884631	-0.027960844088687	0.034847026758404	0.12348638705651	0.735525786041656	0.00505287087740306	0.996915672845032	-7.6743704626058e-05	
86	102	0.326603452620391	0.0551398038016843	0.526791304701174	-0.0376216419528544	0.0148640253146788	0.0392173801364788	0.020290656626059	0.0499306326404797	
61	112	0.992322028658114	-0.000578596562014089	0.56120660315658	-0.0379693765644534	0.094268393265448	0.0283435937013584	0.614137008173173	0.0108742674197714	
31	111	0.739024602836715	-0.0172479305332139	0.750745051467178	-0.0199578694657439	0.618206240461413	-0.00762128872352446	0.399371823095984	-0.0172793049312306	
21	91	0.638878793875844	0.0316122188216144	0.60033267837424	-0.0526508789207832	0.957459496292592	-0.00134411102646688	0.444499194984234	0.0183158546614355	
66	109	0.640438816490333	0.0233946526068608	0.06005601473994	0.110899083360554	0.00749225068191936	0.0438141833512336	0.0166855395284678	0.0500321707313989	
36	97	0.614468452330654	-0.0265604065397236	0.199397723947462	-0.0838582203720506	0.585400740653451	0.00922621335856459	0.456356521841995	-0.0165546735199015	
52	95	0.11148633004686	0.0791774051409071	0.182547190821724	0.0840495551656367	0.00561028331235001	0.0448633583831518	0.00284627936258327	0.0665308725828735	
2	100	0.995082594885267	-0.000365440639849057	0.232580519119705	0.0778897330520418	0.0029774651839717	0.0486279566765881	0.197731219510922	0.0284747318585686	
17	98	0.992403098788885	0.000526198160857416	0.914594663048948	0.00673784897337359	0.398998421645148	0.0136055457451305	0.612296068829034	0.0112240119982412	
77	97	0.574579975594205	-0.0344000850114004	0.210342933388248	-0.0796545643350998	0.572305101856673	-0.00898352649903006	0.327575123006211	-0.0218562684486954	
42	107	0.123923186176375	0.0833375932053446	0.849791740174832	0.012746166919365	0.124417277451866	0.0266025405265876	0.159435718118078	0.0303587999031497	
7	101	0.881225100576215	-0.00955986205101977	0.462889266136973	0.0542976771415281	0.410994665085613	0.0146038267026099	0.765065591787236	0.00653801846900142	
12	128	0.602757516014816	0.0263974676333864	0.0791830530965985	-0.113054212527985	0.0957488871729207	0.0270435628955465	0.106111578859592	0.0318555431154115	
82	110	0.307091540312912	0.0555363239380758	0.507097640431093	0.0430395044555511	0.861682794136711	0.00275959645136129	0.42232632254188	0.0164645490896453	
97	91	0.320794095273774	0.0544369812932831	0.20926816667853	0.0792038168349239	0.0967754252961777	0.0267126680050657	0.0422906828148474	0.044573832168181	
92	108	0.620444038352946	-0.026460262085846	0.98087183733148	0.00124915041166369	0.45046530665862	0.010363281940091	0.87371029803795	0.00319761028511117	
47	120	0.903532623025745	-0.0057515725608408	0.357549452330034	-0.0609613397376098	0.975504629729914	0.000445671653150234	0.937779419117656	-0.0015352711009685	
72	100	0.738559098433412	-0.017945640312978	0.541861114894414	0.038903282110748	0.376879141388696	0.0144284856977288	0.940786636109786	0.00156046028427553	
27	111	0.194035368606564	0.0620977997211529	0.199135649462085	0.0877204327306154	0.0135746079092294	0.0403415855899588	0.0223728452043337	0.0463313273441849	
57	84	0.52535285401625	0.0313901324665936	0.182327996044787	-0.084071274708276	0.872554114059147	0.00248819130392354	0.58581214448451	0.0123112548055465	
62	101	0.070991476187083	0.090676247651454	0.319992802770572	0.0842318867528635	0.467567028111686	0.0154008550637081	0.0678267599384369	0.0415653890744128	
87	106	0.803364289291306	0.0122606807464377	0.552131676899069	-0.0385038900374563	0.540383818063058	0.0106126820408976	0.607491681482483	0.0109392772567889	
32	103	0.871762510388718	-0.0088704287457444	0.0171161025000235	0.121166085659815	0.378750981622603	0.0134032502744165	0.66338897105751	0.00913581484569327	
67	110	0.600527079314257	-0.0263117411367167	0.0965583539006563	-0.0984861398968074	0.284293492225949	0.0162752199040562	0.853951288238859	-0.00377049049176423	
22	88	0.862035362644953	-0.00971697482978606	0.662326576911288	0.0293082082096658	0.563350454014211	0.0102073137289171	0.696994681568545	0.00875384042143358	
37	83	0.86437386198797	-0.00911424511991277	0.905567331562144	0.00810003303576904	0.441995331782256	0.013794683851836	0.806429325073662	0.00569696413038977	
18	88	0.974406335321223	-0.00187430813127765	0.776224277274386	-0.0236797704882489	0.0527753164446597	0.0374712641977325	0.140411519109024	0.0335102052840738	
8	102	0.63588286528756	0.0246913684527793	0.667538592240201	0.0299209014835421	0.0630762176718683	0.0316153618633657	0.165971647242946	0.0298257579892795	
43	98	0.519408301122432	-0.0353880256716824	0.643272221515891	0.0293776870640687	0.640029250010459	0.00823971970556506	0.820858650296661	-0.00511804694677552	
3	108	0.89527092298923	0.00706298905464287	0.624014153179658	0.0284207534504211	0.489917012555813	0.0107676959703321	0.405136614311146	0.017243716251963	
78	114	0.919602002634764	0.00480949877554143	0.938238116147453	0.00501920501711321	0.00160109336770447	0.0532353402381433	0.245507913964115	0.0249897411871852	
48	93	0.624400719903069	0.0243911556741263	0.0555674159251118	-0.113139820459142	0.0865955915510774	0.0283500107800997	0.166334983604953	0.0296083587222254	
93	111	0.157351446748052	-0.0644423623833296	0.797855904843533	0.0133865264940094	0.0667600362630635	-0.0268956265629211	0.047242261555641	-0.0402761624070529	
13	89	0.416002708381383	0.0391519447431655	0.701488949961833	0.0258150958175638	0.0686176705539766	0.0320553358492116	0.0945254990405286	0.0390603505487051	
53	115	0.527749305170584	0.0350533554914734	0.0924356137477307	0.109583468544634	0.422995933054774	0.0149319699180981	0.179822056252243	0.0280396532745097	
83	92	0.375493195079483	0.0473790702869216	0.39121055709301	0.0654086393959557	0.0662368667449756	0.0351024264865777	0.0376491201018062	0.0471178414914369	
73	108	0.773925032628568	0.0141299886218884	0.477812380715352	-0.047529805359974	0.742676243724315	0.00517848985705518	0.609414266849739	0.0106529683488912	
63	115	0.476718784153914	-0.0372657527830931	0.857993420767714	0.0107651562963418	0.44148817382316	0.0117849892397803	0.948271459302552	-0.00131363224655162	
58	118	0.987809532665287	-0.000811111113125706	0.0747818258881718	0.09645730077254	0.0505981672934597	0.0309978707375554	0.201060670230509	0.0252737416072081	
98	96	0.63670835000378	0.0323195206628334	0.710087997786606	-0.0278286803936539	0.106803814703567	0.0291282333519444	0.20899901679565	0.0295351354653262	
88	110	0.893294041221844	0.00777777286810066	0.325016022943272	0.0550220769626318	0.0071954163341013	0.0401916599960686	0.129098988919334	0.0312548475998798	
28	114	0.316954664515378	0.0507705945684027	0.137833106045897	0.115202545771407	0.200944366846903	0.0227638309954218	0.0441537535495073	0.0407907862691898	
68	87	0.900234125696084	-0.00756454799308826	0.909633007517431	-0.0115239177421901	0.805874518106374	0.00553276122521551	0.650000450093187	-0.011052132030097	
33	91	0.728534992897821	-0.0191022860137033	0.78593252024099	-0.0201444395789687	0.601903238374335	0.00926482627390001	0.814016962370247	-0.00535735328210634	
38	102	0.824141963004016	0.0119735921966465	0.332930437453417	0.0685178917952836	0.0144460445783687	0.0417726076266153	0.345637597299612	0.0211551963657061	
23	129	0.606355181767351	-0.0251588282641101	0.322983326011649	0.0557977681208471	0.138284373763027	0.021451904651453	0.580526748353858	0.0102928564713753	
19	104	0.495064623178526	-0.0307001246758186	0.193905077356115	0.0992673359865424	0.792882679319854	0.00468256455679198	0.669106559935431	-0.00898779347198479	
9	117	0.444529906920438	0.0343160768056237	0.433882200170378	0.043584182852841	0.108977332779963	0.0282837733960157	0.161541950550494	0.0297925918792434	
44	125	0.237301751925613	-0.0492337333110405	0.313034342890729	-0.0557930720581819	0.0403743243176871	0.0301553386469059	0.448216351725332	-0.0150554631277756	
79	107	0.946042972524112	0.00365517527995562	0.216984648794007	-0.0784382862342733	0.196390805827672	0.0197951873371795	0.468589221615761	0.014606935819096	
49	105	0.692093966962206	0.022004994382956	0.0478838348820982	0.125956467809089	0.989487496873118	-0.000220676027213383	0.58610374418703	0.0117264662581823	
74	91	0.805118493979999	0.015781386558912	0.661517034709394	-0.0281623384471596	0.308788570398991	0.0173537489164655	0.329652934373202	0.0215411854926424	
84	83	0.831678750703465	0.015083263893748	0.169554699932864	0.101012473008958	0.2321635641307	0.0220547800348957	0.525211664073325	0.0158482696770149	
59	103	0.37926897323971	0.0481528953345447	0.302780831561237	0.0671705462237741	0.860594957362425	0.00268816299817213	0.343862759361096	0.0198023180365828	
99	88	0.763086609169407	0.0171735269760361	0.928367693963513	-0.00680607737860049	0.100968326762021	0.0310837526793752	0.45196379199675	0.0173103849822112	
94	108	0.221279178985486	-0.0742417508838904	0.710180733688498	-0.0273200756895625	0.926993398718742	-0.00175419271556286	0.820375118790509	0.00493844254406309	
64	114	0.894125648521235	0.00766310771172518	0.0730409436033219	-0.0848540784153355	0.0925908843061801	0.0238005958184682	0.377009585511002	0.0178404797625861	
29	97	0.41614525897728	0.0498327234646022	0.781457569376951	-0.0202777907795189	0.0228554045121189	0.0391417984469548	0.0979432967664392	0.0367549558973457	
4	104	0.946650873454821	0.00360057685835402	0.684918937075688	0.0259084214028681	0.365095647793141	-0.0139315988615224	0.96124250706764	0.00101731228223732	
14	127	0.293351595334157	-0.0544199848879606	0.242834730808064	-0.0673931760162405	0.467411401532288	0.0109440713224144	0.462666296043621	0.0140843589148475	
89	99	0.745579218595065	0.0183184478139453	0.775314914636409	-0.0203031145679429	0.221567149538483	0.023987256290562	0.344586252023041	0.0213877991180389	
54	111	0.644449479069028	0.0266123511396527	0.121379459110645	-0.105302731158125	0.769404193514981	0.00498379258245627	0.736074120631435	0.00701981393027645	
34	108	0.440273827992009	-0.0435730443974398	0.259975456479802	0.0802014546726098	0.983325656739568	-0.000403254643184523	0.797145284971968	0.00551671851168043	
69	120	0.522705052459565	-0.0330992970772921	0.501906105926995	-0.0430153193589259	0.311258652045938	0.0157678080244355	0.836464871310891	0.00415532602241081	
39	112	0.580716323286706	-0.0269507646238984	0.116514585305541	-0.098610747912989	0.339353327655329	0.0142913793045699	0.746532611309743	0.00674712271170627	
24	113	0.545407535063524	0.0262936565181335	0.916851337160836	0.00602650570070437	0.255856126421717	0.0184864357802263	0.322580444073661	0.020249354359193	
20	122	0.935045289014639	-0.00412923678332078	0.687961590391415	-0.0206604164313127	0.66824321318816	0.00576684132663945	0.919251822085733	0.00193023990415324	
10	97	0.738318539097825	0.0160510750540678	0.222317708907457	0.086524617217392	0.807001654809106	0.00428542657640029	0.928045788177602	0.00190665248036446	
45	119	0.305037075824796	-0.0494126145518061	0.807310917585183	0.0195291058433703	0.0850397963246989	0.0313681156727211	0.705614143027356	-0.00760213237551902	
50	97	0.630053311706071	0.0262299785908074	0.485049544555623	0.0564450010377833	0.110981655685173	0.0288768291981223	0.0270055355754928	0.0498657523689571	
80	112	0.655842722167223	-0.0243291452414177	0.421318029462518	0.0379211669512694	0.860691638843156	-0.00236550293834895	0.996657845582011	-8.30790974399782e-05	
85	111	0.349065378835345	0.0493928182518139	0.950958457762881	0.00364546323144407	0.0062668338345112	0.0482802576090363	0.100491404522011	0.0336983475059593	
60	110	0.834383466715229	-0.0117273575326341	0.253316317435226	0.0772063539943687	0.797663154916302	-0.00457724966045474	0.995108305564112	0.000128798855922083	
95	111	0.156816541871787	0.0801486251799881	0.966438043188931	0.00290120075769644	0.174052994340974	0.0209792449722706	0.192024028201147	0.0269211869917542	
65	109	0.465282969637111	0.039743102891271	0.220549608905914	0.0764077290467988	0.00366532003436518	0.0430117318797585	0.0848613539291198	0.0354929160366762	
75	110	0.789992060524286	0.0135999912963949	0.313951600213529	0.0676625759704372	0.188878938829069	0.0221459177112727	0.402546149552644	0.0172547877777369	
5	104	0.464620075212487	0.041276719069448	0.166232800015995	0.0990536519292135	0.00986936395233989	0.0477579803930484	0.0266040934047686	0.0468506864747756	
100	97	0.289335390661186	0.0539416827954956	0.467435963729378	-0.0455171929770267	0.482154157195259	0.0112615188111375	0.150875887423662	0.0304174230106564	
30	108	0.743419314848554	0.0219292865880157	0.0968301602776762	0.108125092188692	0.0773472416811849	0.0298095380170401	0.153917547750264	0.0305870218096739	
15	120	0.388655356548717	0.0495472489844383	0.012677043404353	0.174218934063993	0.022184150841234	0.0360768480469206	0.0714059452970985	0.0362461791756205	
55	104	0.302491476795863	0.061337659111946	0.420698847067063	0.0548534251773455	0.0275880598834775	0.0379693485589533	0.0270973227610102	0.0486208189286075	
90	106	0.539442214893918	0.032780761755077	0.866874906235839	0.00967323227112648	0.74655230954198	-0.00551703601643203	0.835429695693306	-0.00440112108935436	
70	102	0.597208811082618	-0.0324178942287774	0.662438318809275	-0.0290830969620044	0.545708381569056	0.0108058327101312	0.613005897630641	-0.0110279483478309	
40	102	0.313396325772644	0.0634083955412627	0.30878877546598	-0.0676343207759478	0.107144382643721	0.0299985769653925	0.162737711205936	0.030313395953052	
35	103	0.315773176263841	-0.0515751853994513	0.366097778082962	0.0577271367509049	0.571210381423314	-0.00949095868283011	0.354757069704597	-0.0200488174051171	
25	101	0.432309645192951	0.040910476081893	0.987532143368673	0.000846103929739066	0.0486173730203013	0.0287509722439983	0.177690476458452	0.0269896846334469	
