simNum	IVsNum	P_mbe	eff_mbe	P_egger	eff_egger	P_ivw	eff_ivw	P_weightedMedian	eff_weightedMedian
21	107	0.851382211342853	-0.00920277969163386	0.618966501563938	0.0351700799735786	0.184863831560834	0.0220121394814238	0.636953804101274	0.00994482673827869	
91	105	0.658520468701594	-0.0198287066073772	0.697034663354036	-0.0210710879517068	0.778193799129758	-0.00379492858654763	0.468567724408492	-0.014232309272697	
46	93	0.802442720498007	0.0128789591211552	0.0165345001173081	0.178007505865925	0.158502621918505	-0.0255880516007174	0.929254994361519	0.00199182295734977	
61	97	0.941370215941444	0.00384724833125216	0.672465110154879	0.0307990889807328	0.19719110605587	-0.0218222221053031	0.775098653840507	-0.00633932091021868	
16	110	0.926075344679401	-0.00520893256177823	0.151599748815948	-0.083771592224166	0.58075057874977	-0.00829208273934879	0.908193295182557	-0.00240587106131931	
11	115	0.243275205119917	0.069754701330786	0.249123839470266	-0.0655029611757874	0.560750658407795	-0.00870971414319236	0.697207091427747	0.00808174404974009	
71	118	0.868399158250816	0.00834863748907211	0.036141557094223	-0.114704856729857	0.484362290715682	-0.00981936270540251	0.882499496832266	-0.00290272471430831	
1	104	0.335370556598395	0.0516435180075276	0.583477441099547	0.0316424481796201	0.996503720520629	6.41040642979755e-05	0.713226168100872	-0.00762061382936333	
66	103	0.27834218833811	0.0537465518573005	0.450863297941085	-0.0388323195184055	0.826946617165296	0.00312306899721819	0.629478698552623	0.0100469524700716	
81	109	0.664339331506669	0.0219213390313858	0.2385483156179	-0.0632516188117045	0.781834663681507	0.00416647998929286	0.470066209359367	0.0151701374776257	
76	99	0.676802394313199	0.0239115777971455	0.551513006984379	0.0363136438294824	0.328879924316938	0.0147388829286155	0.250638539771218	0.0242204764720328	
41	105	0.454204762122869	0.0415460744274219	0.325990687440508	-0.071708066383789	0.464644654787437	-0.0137766767287507	0.757498927716135	0.00670117088805121	
6	123	0.524199724058022	-0.0330564632373679	0.830448059454411	0.0110784832447581	0.432871231893435	0.0109853357888937	0.790493388424398	0.00507169334294504	
26	113	0.481580319538819	0.0405129003844309	0.276259947385625	0.0634573121220984	0.234590817205569	-0.0186943939823138	0.562532325829523	-0.0122394283852824	
96	116	0.335531618128941	-0.0439678258070803	0.0218056511364424	-0.147995324331934	0.38998775664336	-0.0136587078652107	0.316141697116463	-0.0196589004780888	
31	113	0.611230815042213	-0.0248967015315292	0.820512031076798	-0.012707666799428	0.23377835068317	0.0172469560166051	0.792010803456813	0.00530198763912801	
51	106	0.242824160703466	0.0672726613286233	0.0318496985138041	-0.116545031370103	0.88535659014417	-0.00227480526677677	0.514018327004279	-0.0139006084155248	
86	111	0.229558557128699	0.0576487708249799	0.448608842514985	0.0397711388269843	0.737337439526627	0.00516206925398732	0.134856304116557	0.0303287361852449	
36	100	0.870046171477952	0.00768839454289005	0.349586350417246	-0.0684174996611655	0.747638796507883	-0.0059342824763276	0.767448383628113	-0.00621091545115667	
56	104	0.300714373769307	-0.0588415518063978	0.340493125932668	-0.0619680943419322	0.651681143347277	-0.00697259180722208	0.163083873714886	-0.0301267561045242	
92	95	0.848400522276823	0.00860717157353452	0.411511337461065	0.0589868492920466	0.308513053787998	-0.0177604559913127	0.708083295520619	-0.00830611560213727	
22	93	0.340130773039525	0.0495098667283967	0.761744217555824	-0.02176770867202	0.937907822800142	0.00141625096859566	0.630789809175723	0.0109879910381379	
62	104	0.826315755601915	0.0113153217447468	0.191398024759632	-0.0813710227676109	0.582656128346522	0.00784476452861051	0.937369498192596	0.00160538015934907	
72	86	0.0543222283430658	-0.10795907283452	0.498343917199103	0.043589725453962	0.0459752775814182	-0.0339033616971039	0.21239627094512	-0.0282341471394408	
47	124	0.705714981087225	0.0187226849314268	0.309676867020403	-0.0549363590995702	0.71404195069149	-0.0049415609907404	0.853635108008716	0.00347956807597588	
2	92	0.409459291646827	-0.0409282931682589	0.153369339013671	0.118664855131375	0.64761635029694	-0.00845511371164452	0.280964686270345	-0.0237478568964486	
12	116	0.743161876121593	-0.0180790442261376	0.760987438537627	0.0191802685575417	0.482378821823716	-0.0106903268405618	0.483840072262551	-0.0139038189802664	
77	107	0.838969929675947	0.0109911892644425	0.685331568514065	-0.026037943193299	0.320269986653401	0.0156332019004333	0.649909403596158	0.00935946952480122	
42	109	0.950388475483085	0.00348880811438412	0.869839675418641	-0.00946233665371681	0.886845759386089	0.00199750493808204	0.815383886775752	-0.00472102570245563	
67	94	0.0517329489854262	0.110333464179722	0.0204027868946151	0.154919069632143	0.277164219907047	0.0180676921982144	0.209869686587873	0.0278676858311289	
17	124	0.824333906079267	-0.0122198711529753	0.838471702887916	-0.0130257641959684	0.690424140437335	0.00643480525899021	0.736391769224801	0.00635213973215087	
27	114	0.500370742509669	0.0317470052188737	0.249731620545927	0.073817013785883	0.234025174464662	0.0183431477291446	0.542426062301011	0.0121794628118617	
82	102	0.422264629289209	-0.0459915433438263	0.0627646704220761	-0.111011625406613	0.857724041339018	-0.00302255426551904	0.677240945509364	-0.00895214855192987	
7	108	0.9930982665935	0.00048139171369721	0.210541046836867	0.0780022821157541	0.938383210261161	-0.00124153955995783	0.716950531213897	-0.00771894638702617	
32	113	0.457100905920652	-0.036940573411987	0.344913558600635	-0.0501132368846881	0.933832272223171	-0.00119838471574473	0.588475706533468	-0.0109790034580062	
52	103	0.308882155305656	0.0473309267991815	0.721427241952832	-0.0220315702702222	0.0145741985115557	0.0373736670265237	0.172857869759561	0.0282449999524886	
97	100	0.464209803089181	0.0333642515191199	0.0605853100370473	0.142726939990204	0.386172882287805	-0.017414870712359	0.593652078993399	0.0114943745618092	
37	94	0.139221394443013	0.0934538092374367	0.603255806434323	-0.0399946511048275	0.307698829056856	0.0178152342584548	0.308334192863565	0.0233295142948931	
57	106	0.588652380814595	-0.0265613882669121	0.798816519626464	-0.0194720402624119	0.146389025485914	-0.0244182856263985	0.190276388818336	-0.0280563404376035	
87	96	0.848598180913446	-0.01027267713167	0.640143315243908	0.0325974986967097	0.57546436801135	-0.00957849371483573	0.70697396821038	-0.00831184917398621	
23	116	0.839751614066267	0.00935613491145526	0.293953909522309	-0.0529210411946482	0.20782579563772	-0.0167264969214614	0.390687107268686	-0.0165082837528748	
93	122	0.525636635082966	-0.0290808544609632	0.882001797320992	-0.00634189439394838	0.196898601969068	-0.0166107413680834	0.157806408476382	-0.0259674843532004	
48	120	0.591702608493316	0.0303488819986755	0.376379523627202	-0.0476738880555501	0.806041980479778	-0.00329290105179178	0.638233670720213	0.00906367947163955	
63	102	0.959453423946452	0.00259519245471851	0.160041576856734	0.0755003530966708	0.494228810630769	0.0107628806459806	0.779984173535442	0.00580040891068872	
73	106	0.662576527400291	-0.0271533424013061	0.824043886488614	-0.0155984303080271	0.925457050928796	-0.00149804966990569	0.619568729798571	0.010851236189777	
78	108	0.695961048368789	0.0177630834364445	0.319493501957411	0.0623839775049139	0.28452412261163	0.0151497093433034	0.347015391421122	0.018948176963491	
18	92	0.218922120863116	0.0627550168839135	0.158837077822516	0.0873395294144177	0.0983333164035882	0.0264321481463785	0.146790326307649	0.0324562400654741	
13	98	0.837506101643777	-0.0100118693455213	0.871985257168535	0.0104224423578205	0.593159661643178	-0.00950506907470333	0.45523641479225	-0.015639783445415	
8	109	0.841360883954336	0.0112272472587518	0.184335687792385	0.103435907724171	0.557233736588051	0.00948274293378236	0.223410642594087	0.0252123837058145	
3	99	0.804880404211888	0.0124038891940133	0.717712412933063	-0.0202045100530581	0.456068885912329	0.0111239259568835	0.339553080870425	0.0203769421425529	
68	114	0.98774449404547	-0.000713835316794365	0.0567977390722179	-0.1106945967213	0.0124690928898822	-0.0364772899651905	0.312053507825395	-0.0198174224947074	
83	115	0.218821617734549	0.0621072728975197	0.635313677852253	0.0279481401197226	0.760141866123963	-0.00413947751441433	0.471633072693671	0.0141478199642275	
43	101	0.838981180558268	-0.0103099465814199	0.00993086490077366	-0.169844455124228	0.247969660309216	-0.0177231299354919	0.571436351769931	-0.011970350860369	
53	108	0.708275178017117	-0.0200941666448611	0.253520817845856	-0.0666799831437556	0.518697786836392	-0.00998718536755745	0.529807961767501	-0.0131705412529823	
33	126	0.680064925851461	-0.0192496139599817	0.805109045165373	-0.0117832320082812	0.98777900198037	-0.000193237584023128	0.631956159351608	-0.00876837214966733	
98	114	0.450655575825428	0.0358060699350434	0.61896014209964	-0.0256667322374806	0.461262918334431	0.0105473317911595	0.293475926935545	0.020604012385073	
28	103	0.495741581220205	0.0382228524145058	0.607301343361763	0.0260695501504269	0.641841134045485	0.00681023759054114	0.234904316368385	0.0244172604122635	
38	104	0.911936181769311	-0.00532008061562994	0.92383161350981	0.00510337466655788	0.535908113990584	-0.00956333228759321	0.915920386646174	-0.00221177886534651	
58	94	0.666929583957997	-0.0204813046281438	0.519418030068205	-0.0401443865137775	0.719128924310262	0.00607556802122834	0.606107906530716	-0.0112239778445565	
88	111	0.73746305424918	-0.0158855156145924	0.0671076632417085	0.102188185246514	0.0598139279758018	0.02603390549642	0.375556527842862	0.0175198461068121	
24	103	0.471141922101703	-0.0323943008053351	0.329632248509781	0.0511278844851114	0.938153158782693	0.00106840777213698	0.340790059479953	-0.0187741104104018	
94	98	0.886609283178827	0.00847595200236428	0.787161770014516	0.0174635711995805	0.138578747448601	0.0217809418561475	0.685312338124305	0.00866963059496822	
49	109	0.598135020486533	-0.0244350831054956	0.752406317286221	-0.0228919852350951	0.850884507203865	0.00340895420377925	0.738049225982231	0.00689015604213924	
19	113	0.60896191252168	-0.0258930474830972	0.303852515239958	0.0728846979002556	0.797341978928213	0.00456981608766089	0.717856090663206	-0.00738581549694483	
74	106	0.771151836361619	0.0147209570159736	0.872236794545467	-0.00944221364818063	0.0683097727878522	-0.0258940299743289	0.987200939371118	0.000324422436797524	
79	96	0.847744111315203	-0.0104436420045813	0.327490482184708	-0.0532811004019204	0.416328728025657	-0.0122758892716205	0.304314546029064	-0.0220697436125309	
44	101	0.848036870743099	-0.00943290721857326	0.791460399333907	-0.0170015777978717	0.50801146665523	-0.00977704811482002	0.716032195695409	-0.00739835673784341	
14	113	0.99939174974019	-4.10352723434482e-05	0.15982285394971	-0.0958892925010327	0.106004172015508	-0.0254103291573615	0.99909964541486	-2.3121594665081e-05	
84	101	0.337738189530508	0.0495911641539283	0.983132836842286	-0.00179838997377593	0.00895129384569034	0.0557646240663289	0.0441997920012335	0.0442316659626525	
64	117	0.981353444518699	-0.00115053371749096	0.586424888255335	0.0325314823586125	0.637441954057379	0.00717305641819044	0.746497011053975	0.00649279802474498	
9	104	0.925187750028637	0.00466048456285439	0.755120186035479	0.0199138740883845	0.950116310695629	0.000892447003088032	0.73287592476676	0.00712807167423471	
69	104	0.651008969030007	-0.0236598273989548	0.11378390267821	0.077179899570339	0.661735925354713	0.00640440785454345	0.765833774446695	-0.00626921775556812	
4	111	0.193266905812957	-0.0570204196223228	0.563359338387189	-0.0306883517029359	0.201502528577233	-0.0188845547974361	0.0876823920868392	-0.0353816588570991	
54	105	0.398441600739782	0.0472433444968182	0.445567364752724	0.0524667932639437	0.581054939935543	-0.0089402068274444	0.735474268094652	-0.00720956185710526	
34	118	0.8374124429281	-0.0112902075778692	0.403993001931127	0.05523220824178	0.334752685595144	0.0162896972080535	0.403415274681884	0.0169975753140869	
99	140	0.363960796945757	0.0469520307208814	0.54429726120178	-0.0333453286236748	0.169514211956632	0.0188464208967799	0.141789228776772	0.0274334132939122	
59	92	0.632098538226303	0.0286787584515641	0.796598393199859	0.0200758844055688	0.174482506421043	0.0248368271160628	0.480247551993082	0.0166618228253739	
29	118	0.92614134182696	0.00416431753868651	0.838072939526865	0.0122049466668459	0.182340220299557	0.0202453970298061	0.659564168803381	0.0085144502200908	
39	108	0.808695606887187	0.0125903692185205	0.627627243568381	-0.0287794430206024	0.273563695574054	-0.0163292786573421	0.632915293931138	-0.009650131195158	
89	99	0.769267946515053	0.0134813351144467	0.489077746271544	0.0433575999224223	0.838744136639674	-0.0033829765119938	0.964795762807756	0.000941556808064781	
95	102	0.378026559247451	0.0436567554672556	0.690479688759634	0.0289903315854763	0.806354122696015	0.00435612501814175	0.406033267363362	0.0172464666699232	
25	107	0.795330118232159	0.0130411365387522	0.0350759883667191	-0.122341720162949	0.355685645523059	0.0131522819704989	0.320237431779651	0.0201256548585464	
50	96	0.509258933047919	0.0392992884178415	0.126951012149743	0.0988266928584269	0.1313333963623	0.0271958680675805	0.0930333149351793	0.0376246182220258	
45	107	0.75197973728169	0.0146536522788062	0.657087633241445	-0.027255256034412	0.58616308146134	0.00863044246370735	0.688270754749307	0.00807460592440313	
75	130	0.85975408530707	-0.00964378495883655	0.615646252982602	0.026172101266874	0.221303504612365	0.0153498216673192	0.524154493763896	0.0117036710081599	
80	96	0.77314639154917	0.0146800789360316	0.81781643711218	0.0138377649765081	0.100966890051243	0.0243487370150276	0.653992648572786	0.00957515770274041	
20	101	0.0884075571544036	0.102633275734989	0.68284599829592	0.0248033532371126	0.46357993974229	0.0111725729624203	0.054842069562811	0.0405036114827455	
15	102	0.594041151895173	0.0262102639680613	0.509996880440029	0.0452382212589542	0.652543285360803	0.00769876074561376	0.700129142926167	0.00834025061356737	
70	113	0.564552365091985	-0.0268071659511583	0.649954275266263	-0.0280304425388663	0.701835645879137	-0.00610409477687659	0.483076844580545	-0.0137288831114236	
85	108	0.295135350832275	-0.0487949361716699	0.443595626092843	-0.0469675173418216	0.913200481133187	-0.0016565545522302	0.392194813594782	-0.0167220957562447	
65	110	0.353917590999387	-0.0442550838088925	0.123868263770555	-0.0819016871056705	0.405649143413105	-0.0122754926869745	0.182770152854339	-0.0270303875622211	
5	108	0.163605498962411	-0.0741658967825297	0.0803022955215187	-0.107523166420463	0.0402444281757031	-0.0339249089697376	0.0247433955056465	-0.0475272711729381	
55	103	0.659321363146148	-0.0194338766503839	0.78991748921188	-0.0118871474750289	0.980311491745773	-0.000338971072293587	0.90541688612531	-0.00240475682941731	
35	113	0.944910941055668	0.0031082077067186	0.199811836071798	-0.0778551929905202	0.245757515865481	0.0165068948595493	0.465363373972136	0.0141332408025173	
100	105	0.890525791897754	0.00651284982549105	0.249213255951884	0.0638742405896942	0.893806677835038	-0.00210280866183516	0.988953591566985	-0.000280063693208957	
60	120	0.323454579264272	0.0491239002016751	0.0753542231158455	-0.110701288465561	0.853054771623463	-0.00273189255032345	0.904377675179046	-0.00238961924293216	
30	112	0.979925604178281	-0.00121406189893503	0.940946288874165	0.00436201162580646	0.487037691719849	0.00939976486249348	0.872953266621576	0.00311171077873861	
10	114	0.529456892456615	0.0343826936310704	0.316330486414219	0.056081253541587	0.835643342798629	-0.00291867779399408	0.426334829814617	0.016845269499337	
40	110	0.793059368947343	0.0132693186757645	0.502391474671279	-0.0399582061228483	0.312273844584638	-0.0154730187270117	0.656578011387789	-0.00885977161938316	
90	122	0.875691175423973	-0.00700244459410626	0.333830335171297	0.0557602175248441	0.812058826409627	-0.00326158687385794	0.786967291261253	-0.00519670642132969	
