simNum	IVsNum	P_1	eff_1	eff_mean_minClass	sd_minClass	P_minClass	P_minClass_mean	eff_mean_maxClass	sd_maxClass	P_maxClass	P_maxClass_mean	corTest_1	CHVP_test	AIC_1	gamma_1	prop_1
55	110	1.18886040793556e-18	0.220429853336948	-0.0896800263376438	0.0254233652072068	0.000216234947340477	0.00061528436794993	0.21799366556386	0.0206398497917156	1.18886040793556e-18	2.21295543195987e-18	0	5.69232269307497e-21	-644.428478989597	-0.097312689068319_0.220429853336948	0.495794724288196_0.504205275711804	
85	86	6.49309513762967e-06	-0.106464576701817	-0.100136763048876	0.0221390229187754	6.49309513762967e-06	1.96190747688676e-05	0.143507552807524	0.0373135228533603	6.16034346950306e-05	0.000231311977261119	0	1.9588006054654e-08	-510.668804369491	-0.106464576701817_0.157343030849165	0.516884089251322_0.483115910748678	
17	93	0.000287634352592168	-0.100168531890668	-0.0934645740012176	0.026566020174346	0.000287634352592168	0.000677245616350081	0.199576868054977	0.0350439392376176	6.09448035278495e-08	1.46452143687698e-07	0	2.66897361627251e-11	-538.499609006619	-0.100168531890668_0.206619048658377	0.502782315640662_0.497217684359338	
47	102	5.13273431842032e-06	-0.13456503731116	-0.128817096953662	0.0279342591599153	5.13273431842032e-06	1.17428975363443e-05	0.0790182698552992	0.0396445386957936	0.0304949043579075	0.048940234385237	0	1.82343539907011e-05	-593.355480745869	-0.13456503731116_0.086997791957309	0.504458137705108_0.495541862294892	
9	99	0.00194243430248734	-0.120580506965795	-0.109760321822584	0.0378608546961394	0.00194243430248734	0.00461948877924158	0.129622129686776	0.0411388563346921	0.000964433542830893	0.00215947399098535	0	1.85536509474365e-05	-560.98249434079	-0.120580506965795_0.140023266273082	0.502033599698854_0.497966400301146	
40	107	0.000233195927445062	-0.0963987568210366	-0.0865832574021477	0.0252999698104138	0.000233195927445062	0.000883481800560321	0.176985470775389	0.0337196227200526	4.43089362845074e-07	7.92378255860707e-07	0	4.0452743336869e-10	-616.615071158958	-0.0963987568210366_0.18150775062113	0.504894648595743_0.495105351404257	
78	102	0.00397129647420082	-0.069199338332481	-0.0725655359341903	0.0234721030501885	0.00397129647420082	0.00257371747062541	0.0827400099435789	0.0347645267604352	0.0275451155915104	0.0191888174297679	1.99615323825952e-07	0.00021351558963448	-598.783067668625	-0.069199338332481_0.0777369944879046	0.512766809656456_0.487233190343544	
70	93	9.78387788630965e-05	-0.109578545868028	-0.105922622180942	0.0268966235795149	9.78387788630965e-05	0.000159586581885963	0.116689672163327	0.0553013653949289	0.0501348579239954	0.0375667185646129	3.574918139293e-13	0.000294614433462534	-537.854722808672	-0.109578545868028_0.109767343133769	0.505358160693184_0.494641839306816	
1	92	0.125694850585845	-0.0739841998068025	-0.0753040449082688	0.0478705639417828	0.125694850585845	0.119171715975485	0.0549402099019665	0.0576950003775335	0.441274937992685	0.343491419851347	0.000462182164063574	0.0823315119897628	-523.291505945718	-0.0739841998068025_0.0446228013338745	0.50046514219899_0.49953485780101	
24	91	0.141861012290084	-0.0439950361253512	-0.0474472807045739	0.029688350206402	0.141861012290084	0.113508407777043	0.0992681319265571	0.0398042239916266	0.0166253677007443	0.0144611281954263	1.76976177757027e-06	0.00313072067192925	-528.521122163761	-0.0439950361253512_0.0971424792849479	0.509604358795455_0.490395641204545	
62	98	6.2003164333656e-09	0.168804929417154	-0.0481004538902459	0.0400502367064023	0.164743452269509	0.232674519000308	0.16296325106116	0.0264808349490075	6.2003164333656e-09	1.69781023419053e-08	2.66453525910038e-15	1.10283023673877e-05	-576.457672834691	-0.0560649938932162_0.168804929417154	0.497686702437611_0.502313297562389	
32	121	0.0188060735417439	-0.0930364688383363	-0.0831859875181631	0.0390633712076844	0.0188060735417439	0.0352548041213314	0.101092018729495	0.0482953290917531	0.0281460536538095	0.0384371431882824	4.44089209850063e-16	0.00301034248123975	-716.604031788989	-0.0930364688383363_0.107320541266536	0.501818816077064_0.498181183922936	
93	128	1.85910630140463e-06	0.193307557903256	-0.0858940429897268	0.0346267167428077	0.00643026117483803	0.0144255893233109	0.189428207373793	0.0386590365083142	1.85910630140463e-06	2.8636671491257e-06	0	1.12710997244006e-07	-734.330879161833	-0.0959471134825874_0.193307557903256	0.499569107695936_0.500430892304063	
56	106	0.00480416780708373	-0.096773065300009	-0.0858062518040524	0.0335878941715868	0.00480416780708373	0.0120625164223844	0.13602255841649	0.050628039153277	0.00724657355167406	0.00839084958335771	0	0.000261103258981214	-613.714342927523	-0.096773065300009_0.138658309524297	0.502539938391468_0.497460061608532	
18	101	0.331944969503952	0.0413584399126514	-0.0954099886370909	0.0518528878617675	0.139483352145193	0.0687323808665424	0.0472795317271313	0.0424217362636509	0.331944969503952	0.267731070833958	0.000109803623594917	0.0331836434883268	-580.891894033755	-0.0772387499621556_0.0413584399126514	0.499742122133258_0.500257877866742	
48	113	0.00290736898501423	-0.0899735907838169	-0.0776733568044498	0.0295550042829208	0.00290736898501423	0.00979074051357185	0.102459139101176	0.0349807146704558	0.00136395342596731	0.00412070840023921	0	8.3723198947069e-05	-689.303442979763	-0.0899735907838169_0.114893688975951	0.503858143934899_0.496141856065101	
86	99	0.00159782718118012	0.145377324731677	-0.0148673018710386	0.0441414281002115	0.800463211460733	0.736979878063877	0.15548432171961	0.0447746339544602	0.00159782718118012	0.000768650720219757	4.94324883471009e-07	0.00674089303917753	-566.840998808689	-0.0111869703444339_0.145377324731677	0.496385261793065_0.503614738206935	
41	99	0.00227549828658048	0.138403981643782	-0.059877186748664	0.055605669693328	0.25120833172259	0.28420524305526	0.133632135661196	0.0441626633874632	0.00227549828658048	0.00316628794558294	4.14734913078973e-12	0.00642774229849901	-574.587777884903	-0.0641823486345335_0.138403981643782	0.49789860980476_0.50210139019524	
10	105	0.0589760328353261	-0.0887318077753526	-0.0639878692031079	0.0464728642137182	0.0589760328353261	0.171503974859107	0.106807457363415	0.0600777656146646	0.0301599113292338	0.078356152158783	3.99680288865056e-14	0.0245343102269067	-594.787221242053	-0.0887318077753526_0.132056227065317	0.501191667585351_0.498808332414649	
33	107	0.247205019318673	-0.0475127373845479	-0.0406927630562409	0.0408330828877915	0.247205019318673	0.321245917165398	0.154111450986494	0.0370058331638996	1.98993454444036e-05	6.37543778428347e-05	1.24567023362943e-13	0.000407739847299624	-617.700772466399	-0.0475127373845479_0.165309955983418	0.502911778141245_0.497088221858755	
63	106	0.0636842085991065	-0.0490057630021602	-0.0458049229652899	0.0261477160344398	0.0636842085991065	0.0827321646789741	0.123136637335117	0.0362243834943467	0.000416513288190039	0.000956080104034857	2.33322250409174e-11	0.000155875171336425	-623.206425063677	-0.0490057630021602_0.132067135509426	0.510621817521984_0.489378182478016	
71	116	0.480012949236779	-0.0322656706656767	-0.0493158721646564	0.0455350457601105	0.480012949236779	0.281060183008988	0.110053439279222	0.0471347356748014	0.0455536578955648	0.0212847948315888	9.76805923769142e-06	0.0150265546094535	-665.66415558153	-0.0322656706656767_0.0952811790741806	0.503208776613137_0.496791223386863	
2	99	0.459383419018189	0.0449705068061724	-0.0712832182415853	0.0443826997195666	0.476627195562009	0.111468713203217	0.0857149401902113	0.0605423895413952	0.459383419018189	0.16000912555141	0.0256162228748567	0.0364911024743817	-565.561282634472	-0.0317106716977155_0.0449705068061724	0.486372109590647_0.513627890409353	
25	103	0.0115577029202978	0.0942935763570396	-0.0219564539770734	0.0587170979892557	0.742304434028381	0.709227874462291	0.111114213049241	0.0366641080527751	0.0115577029202978	0.00309332509158371	0.0218884666208483	0.0545653321759823	-572.801559524248	0.0193588977685586_0.0942935763570396	0.496501880788159_0.503498119211841	
79	118	0.0479989742398449	-0.0689011907616909	-0.0752235164554386	0.0344792386919279	0.0479989742398449	0.0311308263038111	0.136363833536331	0.0346491857562129	0.00037145662168119	0.000141327061429976	6.58895160654538e-12	1.50065144495513e-05	-672.010441669161	-0.0689011907616909_0.127035626109019	0.502505148810847_0.497494851189153	
19	118	4.71725590535956e-07	-0.108143080189637	-0.0988984290611049	0.0202674286137586	4.71725590535956e-07	3.38876903024578e-06	0.168987538530383	0.0352421401884983	8.9334952210253e-07	4.83059207598487e-06	0	4.41745253186763e-11	-707.221590845773	-0.108143080189637_0.182927635729895	0.520277742024404_0.479722257975596	
94	115	0.00018695379824454	-0.0938291935990427	-0.0818904897156738	0.0242939305839094	0.00018695379824454	0.00102371262633548	0.174499845622901	0.0442824765108112	7.27727795231126e-05	0.000140535681880943	0	3.85143383047815e-07	-660.943559573467	-0.0938291935990427_0.182333460776812	0.506289375365665_0.493710624634335	
57	103	0.028563768314462	-0.0653654913587784	-0.0579091018979992	0.0294309599250197	0.028563768314462	0.0518265478752415	0.147389088440162	0.0610906549740004	0.0134549940653019	0.0176234201426447	1.17683640610267e-14	0.00246558973120654	-585.72139271339	-0.0653654913587784_0.153659651188372	0.5042950339231_0.4957049660769	
64	105	2.89699357260174e-08	-0.130865994925333	-0.123611944259392	0.0218086448675241	2.89699357260174e-08	1.3008867696011e-07	0.15387847335798	0.0464188921190032	0.000796856257066394	0.00126231075045856	0	6.28253033631803e-08	-609.465807721602	-0.130865994925333_0.160392285586847	0.520587710333988_0.479412289666012	
95	95	0.000317986716646348	-0.0993974254464569	-0.0946880891688978	0.0265879411035165	0.000317986716646348	0.000581328014355945	0.137020430938045	0.0285405473205955	1.71119846415127e-06	5.94324781340259e-06	0	2.84493987817653e-09	-575.095569849258	-0.0993974254464569_0.145742421576592	0.502977438887114_0.497022561112886	
49	120	0.00139069288148044	-0.115606648053309	-0.105444928278037	0.0353153047400211	0.00139069288148044	0.00343420550142548	0.149157294597001	0.0323024890535268	2.9337944826605e-06	9.89501108706675e-06	0	1.03949842600396e-07	-696.192949480891	-0.115606648053309_0.158594355233446	0.500678553823723_0.499321446176277	
26	107	8.55389087982438e-09	-0.145170210877521	-0.139719063605309	0.0232099142304666	8.55389087982438e-09	2.54390892880433e-08	0.1740414454329	0.0306825377211548	2.26879383407231e-08	1.23235003837918e-07	0	3.47766133063441e-16	-604.038561388182	-0.145170210877521_0.185465172064148	0.525505213259135_0.474494786740865	
87	114	0.085883542344677	-0.0592903004914561	-0.0583501507483606	0.0342191429294718	0.085883542344677	0.0909065733637242	0.0867527680745284	0.0472660099821239	0.0496218598988224	0.0690738731339404	2.92965847137339e-08	0.0128949484609215	-653.238035034128	-0.0592903004914561_0.0938002108574474	0.508365705740364_0.491634294259636	
42	106	0.0171532578463356	0.127518133316707	-0.0864751594747879	0.0420561053895352	0.0299799000278114	0.0422447368479889	0.126120157376416	0.0526521334543031	0.0171532578463356	0.0183755294563021	1.22124532708767e-14	0.00160576687223224	-602.544304455917	-0.0925342303559367_0.127518133316707	0.498055893139508_0.501944106860492	
11	91	0.705624640341438	0.0226356344236821	-0.129151322267689	0.0377376245075113	0.119304559089303	0.000935910697647781	0.0962604176968969	0.0597340237950193	0.705624640341438	0.11057592152382	0.0138005819193303	0.00142141589277293	-519.296871329258	-0.059348790704921_0.0226356344236821	0.499889330171922_0.500110669828078	
34	97	0.0892054930895259	-0.0617522999335134	-0.0602989516360698	0.0359654161961654	0.0892054930895259	0.0968780136831034	0.109768353200715	0.0443339988513413	0.0151311227726438	0.0150398448656554	6.69666588848372e-09	0.00289144351171124	-555.700232650077	-0.0617522999335134_0.109666269238827	0.506470671333893_0.493529328666107	
80	88	0.0884004875953127	-0.074568887311682	-0.0413512356509289	0.0432728894560663	0.0884004875953127	0.341926079294774	0.159293266782452	0.0550029406116792	0.00106813792750402	0.00477767413004515	0	0.00414416699697642	-502.957186445373	-0.074568887311682_0.186209015225296	0.501764115609591_0.498235884390409	
3	109	3.13746423453151e-05	-0.125300309791871	-0.11051918344208	0.0288262447942613	3.13746423453151e-05	0.000212354136096359	0.131380369663291	0.0483279732165172	0.00352027053986837	0.00764155272462098	0	1.7176393894871e-05	-622.926814147813	-0.125300309791871_0.144202877550497	0.503197312131153_0.496802687868847	
72	96	0.314704051454037	-0.0507906682933121	-0.0522079708660616	0.0502505272134292	0.314704051454037	0.301463379864318	0.0787250634035563	0.0447389234964921	0.0802229964888014	0.0816854953057767	5.91255718440653e-05	0.0516460339722023	-556.753707187711	-0.0507906682933121_0.0791112737934364	0.500361290571241_0.499638709428759	
12	111	3.05177659084195e-09	-0.144985565885664	-0.138259943123717	0.0224707944682353	3.05177659084195e-09	1.26075657355865e-08	0.137311206939735	0.028246869315588	1.42867088757895e-06	3.90641767065103e-06	0	2.2637181519886e-14	-649.048806642056	-0.144985565885664_0.1440535365247	0.50606160145206_0.49393839854794	
58	118	0.0121026439381617	-0.0750655543753699	-0.0708741075798287	0.0294509173258606	0.0121026439381617	0.0176703135589311	0.102404811852048	0.0542832063698467	0.0473479390359426	0.061707572124535	9.5625729557014e-12	0.00501944865618555	-686.646390156313	-0.0750655543753699_0.108799624587171	0.503510681702312_0.496489318297688	
20	103	0.0515154414362441	-0.103638011339447	-0.0782812683365406	0.052600266172429	0.0515154414362441	0.139775576336971	0.127587360576349	0.064916637340792	0.0200728082509422	0.0520867804787752	4.44089209850063e-15	0.0137413593502628	-559.15208459397	-0.103638011339447_0.153335751351102	0.500645444531587_0.499354555468413	
88	111	2.06505365999851e-07	-0.121744348476332	-0.119204253592533	0.0219655890662633	2.06505365999851e-07	3.45062212787289e-07	0.151756631903367	0.0381975366104134	5.90390547622266e-05	0.000127152202350562	0	7.77709773153961e-10	-668.234497819437	-0.121744348476332_0.159611018071346	0.513881316066769_0.486118683933231	
27	113	3.1815043658956e-05	-0.106379129438815	-0.0927576732838036	0.0245318497697761	3.1815043658956e-05	0.000252176596526947	0.158699133545804	0.0371612118793251	5.05268623336301e-06	4.10492545720164e-05	0	1.63151738715433e-08	-672.561701502887	-0.106379129438815_0.178172169166533	0.517576817018873_0.482423182981126	
50	108	0.0105591868943158	-0.0838552826540876	-0.0750258210036907	0.0322179648953703	0.0105591868943158	0.0217544272705623	0.11612772629373	0.0481136048901243	0.0137607010448498	0.0174936628097323	5.07429653850977e-11	0.000962743858492461	-617.812848175282	-0.0838552826540876_0.120513986052083	0.504879152208257_0.495120847791743	
96	114	0.0140645325209621	-0.0643437984612035	-0.0583373582764241	0.0257955764256614	0.0140645325209621	0.0256400546902321	0.121644942824999	0.04043340344407	0.00269394403860219	0.00323704249119831	5.77315972805081e-15	0.000174962073129319	-690.698993392463	-0.0643437984612035_0.124067753538074	0.50538063557898_0.49461936442102	
65	96	0.0830026127907935	-0.0822854664384717	-0.0724206463378873	0.0469668913029879	0.0830026127907935	0.126410066743988	0.10888290663816	0.041030158996636	0.00515484068935569	0.00933266765611312	2.81485945663462e-11	0.00364741024524499	-538.152822075644	-0.0822854664384717_0.117493000293774	0.501408087780709_0.498591912219291	
73	104	0.0175748840352527	-0.0580433682501544	-0.0534423680282237	0.0240513887989984	0.0175748840352527	0.0284701383046215	0.106547859670432	0.0400282068164535	0.00646164026483612	0.00901819978763594	5.72942582266478e-10	0.000612442845533994	-636.348645207128	-0.0580433682501544_0.111282403035411	0.516561967912154_0.483438032087846	
81	97	0.751104865348985	0.0144169144534218	-0.0473252450151821	0.0344477707681176	0.531678127182321	0.172695145144697	0.048955399731166	0.0453228685363164	0.751104865348985	0.282782533059209	0.197480392160759	0.0907858635083005	-564.205437701993	-0.0216235330853093_0.0144169144534218	0.497374837696978_0.502625162303022	
35	100	0.309309366136162	-0.0326015962929058	-0.0362979202117585	0.0319022902883567	0.309309366136162	0.25795675398654	0.0629349936621337	0.0445158442908055	0.185345475539315	0.160567462038299	0.000908877113681594	0.0699996315136711	-590.879086202222	-0.0326015962929058_0.0593731053756597	0.501969852169462_0.498030147830538	
43	105	0.606318506764065	-0.0246080971512318	-0.0803050057808082	0.047606415455343	0.606318506764065	0.0946291377547646	0.0467430610355084	0.0469081397224935	0.863764266067623	0.321329457102	0.521191022624872	0.0573075195790275	-598.299004296906	-0.0246080971512318_-0.0080686495388649	0.502383413980325_0.497616586019675	
59	114	1.60361711867265e-08	-0.139664744204072	-0.132866882102879	0.0229382086336861	1.60361711867265e-08	6.354973191858e-08	0.142530312287985	0.0334924810142971	5.00682362147421e-06	4.32276705367396e-05	0	1.16801922259963e-11	-667.489346567799	-0.139664744204072_0.160584173790013	0.519886879413411_0.480113120586589	
4	105	0.196428006047349	-0.0466458435554738	-0.0427156082006466	0.0358776348578273	0.196428006047349	0.236524441918627	0.148682112034518	0.0365751172363394	0.000123521610162606	9.3481573833455e-05	3.95172783385078e-12	0.000187163295438919	-598.969569026022	-0.0466458435554738_0.145908854616525	0.50036595632781_0.49963404367219	
51	124	2.66061294679009e-05	0.123029713098229	-0.0252486871135498	0.0391120890964087	0.382849522282146	0.519775286917656	0.114380741514586	0.0281829772054106	2.66061294679009e-05	8.71702704742848e-05	4.85833595575969e-13	0.00377494810217853	-767.527871765743	-0.0342541051391727_0.123029713098229	0.498034262694668_0.501965737305332	
28	92	0.00509642104426918	0.157315927317327	-0.145617801783262	0.043456938932679	0.000510945710632125	0.00117437177577492	0.150591877617933	0.0548044019325989	0.00509642104426918	0.00723355835381503	0	2.28538179917774e-05	-492.943320849058	-0.156615371428829_0.157315927317327	0.485070349416958_0.514929650583042	
89	104	0.136455472537025	-0.0540132756100932	-0.0487498619619296	0.0359886235306958	0.136455472537025	0.178511904066054	0.0542658494487563	0.0357621697235208	0.115658871991664	0.132226728434551	2.10691711233224e-06	0.042312103193775	-646.99650884846	-0.0540132756100932_0.0567417937239557	0.500048208042192_0.499951791957808	
13	94	0.00623982673424352	-0.122716076172746	-0.111503625841037	0.0438491850308435	0.00623982673424352	0.0126453539816811	0.0810098296001863	0.0492939029098041	0.057240263211359	0.103676016972488	1.16746612377483e-11	0.00352288656335659	-532.401729208105	-0.122716076172746_0.0949083077050012	0.500550106159602_0.499449893840398	
21	105	0.0344202574625263	-0.084917904193631	-0.0762138800328465	0.0396201019808409	0.0344202574625263	0.057136743362273	0.114973665655029	0.0493937026286398	0.0169408853144942	0.0218644712314413	1.55431223447522e-14	0.00253308667203327	-613.898712108368	-0.084917904193631_0.119881506858995	0.502936568994988_0.497063431005013	
97	113	2.18723148295469e-05	-0.0984729351973702	-0.0905835136315046	0.0222185422057347	2.18723148295469e-05	8.5632833710391e-05	0.186408447750221	0.0381069690990388	3.08582531078683e-06	3.37281877787512e-06	0	3.399013522793e-10	-645.68431357974	-0.0984729351973702_0.187217216581185	0.504049951591768_0.495950048408232	
44	94	1.12210725872066e-06	-0.146724262963622	-0.138948527042498	0.0281521177527983	1.12210725872066e-06	3.49654639072907e-06	0.144522755487484	0.0364503634706969	2.81687138351511e-05	0.000144080365735335	0	7.51231736768528e-10	-544.595539245184	-0.146724262963622_0.160599229914755	0.524088074499897_0.475911925500103	
90	118	7.12968463738193e-09	0.151077456394265	-0.133787663286335	0.0218152846597513	1.65687005845484e-09	1.20657668789451e-08	0.148586948666424	0.0241999008920258	7.12968463738193e-09	1.16576039121904e-08	0	4.44566053499085e-18	-685.992992152903	-0.142758929642985_0.151077456394265	0.489065754611054_0.510934245388946	
60	104	0.00012080938201744	-0.126974368448483	-0.123636671957191	0.0317683430008453	0.00012080938201744	0.000176752256456103	0.175618979072165	0.0307564277986902	2.54759318456781e-08	1.09857125928403e-07	0	1.3074316968619e-11	-594.325095078411	-0.126974368448483_0.185568467247227	0.505782375665039_0.494217624334961	
66	127	2.37685271119504e-07	-0.144231977956192	-0.140052170898229	0.026391120539384	2.37685271119504e-07	4.86139163244824e-07	0.152556779266524	0.0422970485304523	0.000450677207484435	0.00044533126960173	0	4.37936621063675e-09	-699.753528618908	-0.144231977956192_0.15241207025803	0.506857956620308_0.493142043379692	
14	92	2.60760554234182e-06	-0.129828683999592	-0.11889123032021	0.0258890526993957	2.60760554234182e-06	1.40245290212819e-05	0.189793178606743	0.0417730454267252	4.03908859328207e-06	1.69520860643265e-05	0	3.36194998283874e-10	-525.518212756399	-0.129828683999592_0.20497028800834	0.516301288411906_0.483698711588094	
74	112	0.000712866022100417	-0.097396310797173	-0.0971053992562994	0.0279714775178824	0.000712866022100417	0.000738218689281551	0.0791357947066436	0.0433916877946268	0.062931795131356	0.0708796986104911	3.89577259340967e-12	0.000640617034788289	-655.124377986701	-0.097396310797173_0.0815127582485621	0.506399123344303_0.493600876655697	
36	109	0.598655114356841	-0.0252134836088352	-0.0521288833956948	0.0477623019067836	0.598655114356841	0.277515600949533	0.0992283363124331	0.0347469901682436	0.0291341842666564	0.00515022938779909	6.23236911654335e-05	0.0103896424871072	-645.842247723003	0.0768301799330678_-0.0252134836088352	0.49428144802023_0.50571855197977	
82	110	0.00146916468106945	0.169523148263265	-0.0638099078749348	0.0501907493702152	0.173656344234056	0.206311122893615	0.164495043954955	0.0519415845316279	0.00146916468106945	0.00199852846964894	0	0.00157311918372739	-621.920232731348	-0.0687364949348129_0.169523148263265	0.499494279910308_0.500505720089692	
22	117	2.50882743058072e-06	0.138970453944997	-0.0899063298929251	0.0421758643178628	0.0199771391886497	0.0351413921901017	0.131784373612827	0.0280580395065247	2.50882743058072e-06	7.31089133454548e-06	0	1.20670488594811e-05	-686.197534822877	-0.0995084620944061_0.138970453944997	0.49549546763447_0.50450453236553	
52	110	0.00263150327843605	-0.083468493422401	-0.0790393217694556	0.0271125082043895	0.00263150327843605	0.00431482587296412	0.0650334849632374	0.0385224396756535	0.0750292717759272	0.0942325491861957	1.9222312630518e-10	0.00222508854644775	-660.997057872884	-0.083468493422401_0.0692430613005346	0.505561176981711_0.494438823018289	
5	111	0.0134383843318239	-0.101267674033566	-0.0943638447604983	0.0403055248512328	0.0134383843318239	0.0210224616073643	0.212382762751459	0.0373298489416254	3.08014414454175e-08	1.06751330494416e-07	0	2.35554636367931e-08	-597.127305491651	-0.101267674033566_0.222526883490743	0.500871260902751_0.499128739097249	
29	113	7.12039862837887e-05	-0.103478211744996	-0.0920609480844813	0.0250791243284517	7.12039862837887e-05	0.000371997604735642	0.15521089033286	0.0474376157425402	0.000722923102369848	0.00142056139486449	0	4.06156534187119e-06	-641.07239892934	-0.103478211744996_0.16493731893366	0.50628459715837_0.49371540284163	
75	106	3.11424410571745e-10	0.142538539061501	-0.119286495214402	0.0302120005586025	3.26916140632526e-05	0.000142649779009866	0.13535538206888	0.0204945526618581	3.11424410571745e-10	1.68185095525947e-09	0	3.0571427446974e-12	-624.550607372132	-0.131166581652025_0.142538539061501	0.487634462054207_0.512365537945793	
98	116	0.000587699758974605	-0.127644959026199	-0.109357983848297	0.0361044306258351	0.000587699758974605	0.00303083807658342	0.122730551862338	0.0643295588788193	0.0241952125782107	0.0589055064970744	0	0.00165426549140108	-650.770942678683	-0.127644959026199_0.146941111476696	0.515142944429796_0.484857055570204	
91	116	1.35024748975404e-05	0.12383604779353	-0.102527733102562	0.0373014920474496	0.00361389407722051	0.00695113963822276	0.115181245716177	0.0272297121083796	1.35024748975404e-05	4.71616522355546e-05	0	2.42826394624798e-06	-690.437444114271	-0.110826014641864_0.12383604779353	0.497539605372725_0.502460394627275	
37	113	0.000310083754889013	-0.0746538733075917	-0.0670263438782007	0.0200534753951353	0.000310083754889013	0.00112978953337404	0.104437562030073	0.0315603021365598	0.000512509981602802	0.00125916163347373	0	4.52850625547039e-06	-705.394537234738	-0.0746538733075917_0.112929193095641	0.509305823198917_0.490694176801083	
45	103	0.00735038721157076	-0.0914561803052367	-0.0822631014473225	0.0334350427014436	0.00735038721157076	0.0155588798842708	0.11086895323124	0.048315235209989	0.0133009269358805	0.0237988370242721	3.10862446895044e-15	0.00101253608503791	-615.414432975041	-0.0914561803052367_0.121734488443496	0.501173905139672_0.498826094860328	
83	105	0.00010700039243727	-0.0872927090768304	-0.080153506208446	0.0216689141639107	0.00010700039243727	0.00034783088675739	0.153396265869791	0.0338783989960579	4.91695052190675e-06	1.59209938804427e-05	0	6.34298718856425e-09	-626.633922960611	-0.0872927090768304_0.163290870995627	0.5142583652968_0.4857416347032	
67	100	0.581922742658761	0.0278890905413552	-0.0599694592714063	0.0409415276173745	0.36685034558035	0.14615526297494	0.0490320430683749	0.0504875839736806	0.581922742658761	0.33383029624172	0.0292927864173245	0.0935609538915356	-587.185868187239	0.0278890905413552_-0.0371152058973875	0.504387880232555_0.495612119767445	
61	122	0.0592727347996376	-0.0777462808455444	-0.0801197675511318	0.0408311444501708	0.0592727347996376	0.0520321385015991	0.119640097404244	0.0449443410115076	0.00961250452393985	0.00882428169635409	1.97752925146233e-12	0.00100280758998248	-697.063194104048	-0.0777462808455444_0.11826269994308	0.501499164164345_0.498500835835655	
15	107	0.535836235696063	0.0300234996406337	-0.0857810887857476	0.038878731845843	0.0992000382221827	0.029515289215606	0.0553625617635606	0.0483355640959844	0.535836235696063	0.254631413391658	0.00108833386737173	0.0228842413329286	-628.089348158531	-0.0646682253315716_0.0300234996406337	0.496094830279837_0.503905169720163	
6	111	0.00355113126853273	0.128544946012737	-0.0801614850070077	0.0415284180559389	0.0326347411992841	0.0561468387399457	0.116216501237657	0.0431398007300533	0.00355113126853273	0.00816784999871635	5.77315972805081e-15	0.00103988139088723	-643.696061898329	-0.0898635395179563_0.128544946012737	0.497631085891777_0.502368914108223	
23	110	0.144849819779277	-0.0622759994531039	-0.0678151288648597	0.0424080422783078	0.144849819779277	0.112690896178605	0.138957300311654	0.0434914141443948	0.003449554767946	0.0018288014724718	1.04503147024815e-07	0.000664198587932319	-613.150600305636	-0.0622759994531039_0.130036906788772	0.527821747531018_0.472178252468982	
30	94	0.308098135860408	-0.044874399878179	-0.0334921496425186	0.0437868376180517	0.308098135860408	0.44627318952005	0.144286423722933	0.06576685770703	0.027726075617651	0.0307340207064524	5.01167181310436e-07	0.0244439131554179	-522.304108061779	-0.044874399878179_0.147071565648226	0.501672297758149_0.498327702241851	
76	102	0.00845287467259541	-0.0948155329380653	-0.0918230937111023	0.0352984093652276	0.00845287467259541	0.0106803596284536	0.174333536981727	0.0428541886030548	3.8983168115522e-05	9.41465116650172e-05	0	1.63572963539923e-06	-578.730799709176	-0.0948155329380653_0.184412811345589	0.509832612143985_0.490167387856015	
53	112	0.407209992020432	0.0471136166657778	-0.0675619596007371	0.0396239278302715	0.376901793088723	0.0909767364234063	0.081062755164191	0.0566287209605484	0.407209992020432	0.15510297147413	0.00347878230967202	0.0315235193177469	-648.834327536492	-0.0351534413163427_0.0471136166657778	0.499540441882685_0.500459558117315	
99	110	0.000173635540203928	-0.115971193797879	-0.108217209387479	0.0298226209868679	0.000173635540203928	0.000435234355909764	0.142766467826639	0.0374028490470605	0.000127718742170966	0.000224658738131918	0	1.54879232926201e-07	-638.69621589204	-0.115971193797879_0.148603999625044	0.50662907100996_0.49337092899004	
84	121	2.85231389818458e-09	-0.107090621922657	-0.107590412236333	0.0166821028353446	2.85231389818458e-09	2.46340192112213e-09	0.0946585436457802	0.0341156870302761	0.00765102367416812	0.00641148205679423	1.90958360235527e-14	1.00558473469952e-07	-713.897979068092	-0.107090621922657_0.0925523778675653	0.518504390640692_0.481495609359308	
92	100	0.12828414410898	0.0633472603293807	-0.0176392414973931	0.0458555696866975	0.82832998559002	0.701307356824753	0.0943241576664323	0.0413025729620103	0.12828414410898	0.024523591382025	0.0649032809128802	0.069642961070573	-569.145871895352	0.00996983127364957_0.0633472603293807	0.498435434568455_0.501564565431545	
68	104	0.00109931476690347	-0.108788273766296	-0.106256788637745	0.0323917136840005	0.00109931476690347	0.00141520352369484	0.0555708289958431	0.031749419977717	0.0393884040427515	0.0830453046117418	2.08943973234454e-12	0.000359892587329604	-624.692216771306	-0.108788273766296_0.0662501265236347	0.501599702796237_0.498400297203763	
7	109	0.000559175892084401	-0.108295648871512	-0.114596195838969	0.0304490593033928	0.000559175892084401	0.000272792918309621	0.18365889145699	0.0331173293504253	2.85406583844196e-07	2.09873671227298e-07	0	3.36398777014604e-11	-602.119088775262	-0.108295648871512_0.181362244109913	0.508765771512916_0.491234228487084	
46	111	0.00717557856207195	0.139502285084846	-0.0679045462421715	0.0468242203352068	0.110873631179025	0.149847806479469	0.135521261861096	0.050917802358829	0.00717557856207195	0.00894276839134123	1.16839871111551e-12	0.00327411053435755	-623.725261170004	-0.0752566603064843_0.139502285084846	0.498953698749088_0.501046301250912	
38	119	0.100489977406125	-0.0758957479979273	-0.0914735144193719	0.045845924496089	0.100489977406125	0.0483210649020641	0.0629157416882031	0.0472833885452881	0.267733620561703	0.185883059328261	3.0244514588329e-06	0.0190681411425077	-697.300895966277	-0.0758957479979273_0.0526526199304193	0.500128089929378_0.499871910070622	
31	103	0.0481463708670928	-0.0791476984055701	-0.0671904529454274	0.0395716134537803	0.0481463708670928	0.0925668937317142	0.133378213570954	0.0463315199508481	0.00163427028427503	0.00486437075693372	1.33226762955019e-15	0.000995615017281596	-590.465623343808	-0.0791476984055701_0.149934714847239	0.502038812626424_0.497961187373576	
8	118	4.38404909114721e-10	0.158937885797283	-0.109197757579684	0.0258995599331944	1.7164170160613e-05	4.91899920360333e-05	0.154712018253635	0.0233277015272077	4.38404909114721e-10	1.07489731518704e-09	0	3.69386174603697e-14	-699.279402180335	-0.116149110737574_0.158937885797283	0.491739767497098_0.508260232502902	
16	88	0.000433726154365132	-0.113105664130472	-0.113557692873384	0.0309135720592025	0.000433726154365132	0.000412800976565998	0.128678326682672	0.0517024520182641	0.0165524141128855	0.014720770872786	1.51878509768721e-12	5.78979072325335e-05	-488.506637035829	-0.113105664130472_0.126350869807679	0.506004340055704_0.493995659944296	
100	100	0.0306617352801261	-0.0778780395365496	-0.0643185139438144	0.0355149072871829	0.0306617352801261	0.0731691166186764	0.144626812404673	0.0356655818973636	2.1822627967087e-05	9.99855656668155e-05	0	3.30570013051616e-05	-595.088545147379	-0.0778780395365496_0.159005780547406	0.502899558436045_0.497100441563955	
77	101	0.153472752865998	0.070277685157371	-0.0488817660179605	0.043910187978003	0.179950510799723	0.268282073479302	0.0615306181640585	0.0488618095722431	0.153472752865998	0.210861269677787	4.0514095309252e-05	0.0928152221516196	-578.378988258276	-0.0592943184386505_0.070277685157371	0.499613236538924_0.500386763461076	
54	95	0.00175491899523113	-0.12417428262127	-0.110793871289012	0.0385509966886591	0.00175491899523113	0.00501231523835124	0.0894193773500216	0.055425162787392	0.0523508687419122	0.110023944734018	3.10862446895044e-15	0.00302180444245705	-532.915528748401	-0.12417428262127_0.108917802404455	0.503106484057576_0.496893515942424	
39	93	0.0118495433895875	-0.100098165472502	-0.0825510631145732	0.0389835832997378	0.0118495433895875	0.0369074691612076	0.0823668264423601	0.0414801472538205	0.0170053212319432	0.0500444802958063	1.33226762955019e-15	0.00376548224937869	-563.319613989581	-0.100098165472502_0.100829119097846	0.503617666991014_0.496382333008986	
69	115	0.00127975837138857	-0.0982215714904198	-0.0937744381385782	0.0297402519033718	0.00127975837138857	0.00206500293990972	0.149435107403536	0.0457562718395492	0.00125913238591769	0.00144153089475454	0	8.32461163555155e-06	-661.980673658998	-0.0982215714904198_0.151345390525895	0.504407392354736_0.495592607645264	
