"simNum"	"IVsNum"	"P_largestGroup"	"eff_largestGroup"	"eff_mean_minClass"	"sd_minClass"	"P_minClass"	"P_minClass_mean"	"eff_mean_maxClass"	"sd_maxClass"	"P_maxClass"	"P_maxClass_mean"	"corTest_1"	"result_1.chi2"	"CHVP_test"	"correct_factor"	"AIC_1"	"gamma_1"	"prop_1"
"3"	109	0.000308615970420301	0.0928419523770696	0.084551434390275	0.0218372866491676	4.53460045377004e-05	0.00018534411806065	0.0979645584635667	0.0249005182770615	0.000308615970420301	0.000147899196668664	0.999652757627947	NA	0.685483799046513	1.32023666483158	-698.315685993845	"0.0928316350365728_0.0928419523770696"	"0.499999999999787_0.500000000000213"	NA
"2"	108	3.2348491119084e-05	0.108973642290398	0.0986428234595637	0.020330078865364	4.84528641480986e-07	4.17767075615794e-06	0.114894042598973	0.0251055173351056	3.2348491119084e-05	1.28022219936651e-05	0.9991425522605	NA	0.614922649867364	1.03874760091781	-691.032718237318	"0.108950605089589_0.108973642290398"	"0.499999999999657_0.500000000000343"	NA
"4"	109	0.00206564296208618	0.102101717743726	0.085227260869753	0.0323400543972707	0.00206564296208618	0.00964153190138727	0.115007524019472	0.0281040712450967	0.00043040236075793	8.26324277744498e-05	0.999999666651569	NA	0.487014432363776	1.27167422905964	-648.495085089719	"0.102101730749017_0.102101717743726"	"0.5_0.5"	NA
"5"	109	1.34646320860686e-09	0.0980145656811591	0.0982167784632142	0.0147758871598056	1.34646320860686e-09	1.26058013264733e-09	0.099574672541676	0.0153362323530386	4.27854168282387e-09	2.64260677308518e-09	0.999755367274353	NA	0.949159449270594	1.73438405333092	-682.107499773013	"0.0980145656811591_0.0980219836529544"	"0.50000000000013_0.49999999999987"	NA
"6"	108	0.0360631111985789	0.0646796254419836	0.0507457190519366	0.0204259868001173	0.00201876087451044	0.0145281721439082	0.0862761060665621	0.0304667061377718	0.0360631111985789	0.00553106667562712	0.998949431766908	NA	0.332719060337548	1.78519402930987	-704.154576444442	"0.0646518959039776_0.0646796254419836"	"0.499999999999852_0.500000000000148"	NA
"1"	120	8.87728347330055e-08	0.102144711484642	0.0929276305501972	0.017921380019373	8.87728347330055e-08	8.95025673926656e-07	0.108404458834417	0.0200397732606682	1.29429223117391e-06	3.31723756319049e-07	0.99719631271347	NA	0.564830374302843	1.28983183695983	-780.304826350548	"0.102144711484642_0.102214526543066"	"0.500000000001179_0.499999999998821"	NA
"8"	119	5.02027568612385e-05	0.0630444027138907	0.0588339733640171	0.0149765866079657	5.02027568612385e-05	0.00014449343430935	0.060876430861201	0.0146396104139819	3.44615806839328e-05	6.10777353294442e-05	0.999895404117207	NA	0.922310432943084	1.26551823063817	-761.857338857122	"0.0630444027138907_0.0630476285715463"	"0.500000000000069_0.499999999999931"	NA
"10"	103	3.19449768611472e-05	0.0639228745917859	0.0625735170091569	0.0146838008671519	3.19449768611472e-05	4.53831686078763e-05	0.0695749355956799	0.0165196714657625	0.000192147779969255	5.47812457824516e-05	0.999743744004905	NA	0.751416086979876	1.5084664653375	-672.273118980991	"0.0639228745917859_0.0639299761592753"	"0.500000000000201_0.499999999999799"	NA
"9"	116	0.0888750875401853	0.038787986431664	0.0435348299824776	0.0226051780769605	0.0888750875401853	0.0565882471725054	0.103786775377449	0.0313061665964042	0.000763901477134236	0.001225485989869	0.000916393165441898	NA	0.118677183865245	1.70770213464886	-743.690894759478	"0.038787986431664_0.108255869785694"	"0.502811752289146_0.497188247710854"	NA
"11"	115	0.00912255670696256	0.0913301753986302	0.0708083242964633	0.026941777208004	0.000962099199991934	0.00976625889295639	0.118033702145714	0.0344285483143876	0.00912255670696256	0.00084581592861195	0.999746982059724	NA	0.280030999059771	1.07253442237319	-723.397005825801	"0.0913220619537676_0.0913301753986302"	"0.499999999999786_0.500000000000214"	NA
"7"	103	0.0179043233940069	0.0860588320051108	0.0655161842307403	0.0357606796270167	0.0179043233940069	0.0698584058011324	0.102915203648053	0.0312304502173547	0.00687096669392645	0.00135267152319013	0.99612976743982	NA	0.430865515849688	1.59228406094669	-661.692274294345	"0.0860588320051108_0.0861687795998728"	"0.500000000000444_0.499999999999556"	NA
"12"	90	5.50216103166179e-05	0.120618039924867	0.0546367976411126	0.0358612076793411	0.208349561290466	0.131163522086812	0.110840052956488	0.0284643439095135	5.50216103166179e-05	0.000190321586424054	0.00124274316911221	NA	0.219614613184961	1.66906255867628	-564.17304956681	"0.0454473573433481_0.120618039924867"	"0.49873624428894_0.50126375571106"	NA
"13"	105	4.5797567092166e-05	0.0868137824814204	0.076505635583188	0.0204010851232434	4.5797567092166e-05	0.000290987521189278	0.0962805331117745	0.0263749783795051	0.00135868687495296	0.000411533114120524	0.999391441421787	NA	0.55314673113383	1.23015060836943	-663.837890439999	"0.0868137824814204_0.0868311618304583"	"0.500000000000284_0.499999999999716"	NA
"15"	93	2.48974169747558e-05	0.101323537216856	0.0920810281708066	0.0195501749589229	1.29347785184884e-06	8.74218724689812e-06	0.10711145916524	0.0228165123017745	2.48974169747558e-05	9.29420223080604e-06	0.999223440232351	NA	0.616908834044322	1.23404415570807	-600.049532830587	"0.101300854444884_0.101323537216856"	"0.499999999999255_0.500000000000745"	NA
"16"	94	0.000317535031735949	0.0543897260438286	0.0602022583179643	0.0145411947134882	0.000317535031735949	7.62715867933694e-05	0.0923774697686834	0.0271281256500594	0.000382245921105824	0.00097752883319552	0.0614834765611496	NA	0.295864321528392	2.13995950696105	-599.642535684704	"0.0543897260438286_0.100006745458378"	"0.507892177975778_0.492107822024222"	NA
"14"	105	0.000108269695792455	0.122526581241519	0.0644693701949054	0.0321479432186801	0.0561781486283857	0.0475182821434928	0.119485836696461	0.0304393649992556	0.000108269695792455	0.000155822689545294	0.0133381441686957	NA	0.213985415595677	1.30631177873031	-646.983488529432	"0.0620847264745854_0.122526581241519"	"0.495849650574019_0.504150349425981"	NA
"17"	120	2.32526653240681e-05	0.0980347301185092	0.0856055276040649	0.0236983599609782	7.08246970368411e-05	0.000445698170960539	0.109646227280853	0.0222543637540006	2.32526653240681e-05	2.7262927246171e-06	0.982266711353919	NA	0.45960514401112	1.30171460879927	-785.221539556043	"0.0975931652983763_0.0980347301185092"	"0.499999999846176_0.500000000153824"	NA
"18"	106	0.0043076990963053	0.0887921826747679	0.0749723851488551	0.0304273935079412	0.0043076990963053	0.0153640107601311	0.10456037005727	0.024166394848149	0.000372608620229719	3.46170566686159e-05	0.996529959672735	NA	0.446379536352308	1.22582146908665	-693.100110971683	"0.0887921826747679_0.0888842378340127"	"0.500000000002587_0.499999999997412"	NA
"19"	105	0.0947931101843967	0.0588747744051311	0.049328915461537	0.0349197247672017	0.0947931101843967	0.160747922905289	0.127449599801411	0.038530987595472	0.00266956262577152	0.00129234096543502	0.0180450764213034	NA	0.133015999905078	1.23786460771117	-637.549240558386	"0.0588747744051311_0.118575464253263"	"0.50027886658528_0.49972113341472"	NA
"20"	101	0.0001589740013895	0.0906697857207295	0.0527898643575082	0.0248977759177682	0.0139270529567094	0.0364580485177938	0.0968038311123859	0.0230961159772981	0.0001589740013895	5.99407038936149e-05	0.192423525100775	NA	0.194966489869216	1.26397048130864	-625.972988760425	"0.0623240834069675_0.0906697857207295"	"0.495746790299448_0.504253209700552"	NA
"21"	113	0.0549415364175787	0.0444101088665348	0.0335476136734561	0.0230339992221567	0.0565372594137702	0.148069033338958	0.0584773446766227	0.0228963697005682	0.0549415364175787	0.0119928110882695	0.999103524388568	NA	0.442729336317642	1.96874258516582	-701.022105339278	"0.0443820889783996_0.0444101088665348"	"0.499999999998855_0.500000000001145"	NA
"23"	110	0.000985437520398754	0.0999883713379301	0.0526326546636803	0.0390275024117169	0.10956559735369	0.180259514425713	0.111897391711952	0.0295256966659803	0.000985437520398754	0.000247485269229325	0.152064401116603	NA	0.225887523800872	1.59328102696473	-657.533402507424	"0.0629640148666249_0.0999883713379301"	"0.475276478647734_0.524723521352266"	NA
"22"	123	0.152936938444739	0.0655042010560042	0.0342876005234992	0.0455458863710743	0.152936938444739	0.453011613615459	0.094375309786334	0.038263441512894	0.0892956539628689	0.0150343413391081	0.99906260688242	NA	0.312435652304742	1.52361034158757	-738.723484242164	"0.0655042010560042_0.0655363787281631"	"0.500000000000717_0.499999999999283"	NA
"24"	96	0.000423402760345851	0.107899977260974	0.0878289186177858	0.0295320693582976	0.000423402760345851	0.00372571964152757	0.127782672874379	0.0369301684049627	0.00434499580266705	0.0008103712883135	0.999639912511318	NA	0.398146814568198	1.75241269936649	-594.462514382577	"0.107899977260974_0.107912456810213"	"0.500000000000029_0.499999999999972"	NA
"25"	94	7.21118391229145e-05	0.0790487730483724	0.0734791189433683	0.0190233728198329	7.21118391229145e-05	0.000207293007601188	0.0861284164229065	0.0196073118486477	0.000113062132540576	2.9633511247553e-05	0.999572738530383	NA	0.643350308552483	1.0497127084338	-602.200721177194	"0.0790487730483724_0.0790613574996604"	"0.500000000000588_0.499999999999412"	NA
"26"	106	6.37865354149128e-05	0.0938434221645449	0.0833003908243433	0.0225259016043758	6.37865354149128e-05	0.00034762212098945	0.105405996343562	0.023863715122787	0.000150350472494762	2.4399512992308e-05	0.998804312181134	NA	0.500551813190098	1.43122747641037	-692.970953735956	"0.0938434221645449_0.093875748508033"	"0.500000000001315_0.499999999998685"	NA
"29"	103	2.22029278740826e-05	0.0832462667012123	0.0767581502402042	0.0147895454401712	1.60834904761526e-07	1.07510125740692e-06	0.0865188872761846	0.0187184508701542	2.22029278740826e-05	1.11494711053664e-05	0.999753308788422	NA	0.682428516658455	1.33846287982913	-665.253925140886	"0.0832391197141213_0.0832462667012123"	"0.499999999999631_0.500000000000369"	NA
"30"	96	0.000186141441131386	0.085285880884254	0.0803705458941841	0.0219265009618684	0.000186141441131386	0.00040667527832427	0.0910703876375534	0.0155735430205004	3.5334588619333e-07	7.02085548317388e-08	0.999804283262292	NA	0.690742951765673	1.18083405806862	-603.276563491658	"0.085285880884254_0.0852921419673359"	"0.500000000000224_0.499999999999776"	NA
"27"	126	0.000385234977254327	0.104373342947474	0.0827981201480177	0.0325589899130138	0.00172001033877643	0.0122097821819157	0.124458460866807	0.0286034070416645	0.000385234977254327	2.78456926478666e-05	0.998090817745601	NA	0.336414679124404	1.19464025873956	-789.137549615727	"0.104318719337789_0.104373342947474"	"0.499999999998315_0.500000000001685"	NA
"28"	120	0.00179133298981747	0.0863451060601181	0.0792633812118687	0.0237855481842777	0.000419708663685069	0.00114763518952195	0.1000360471663	0.027026517112022	0.00179133298981747	0.000326203448531477	0.999499078340286	NA	0.563954766538544	1.16159353362039	-756.53404280256	"0.0863312292665929_0.0863451060601181"	"0.499999999999812_0.500000000000188"	NA
"31"	115	0.35284832740101	0.0283110590848898	0.0392859955182575	0.030347688625301	0.35284832740101	0.198098396831322	0.0961001149674204	0.0277263875555724	9.98606443547125e-05	0.000745614020962102	6.613334993677e-05	NA	0.166933629472556	1.21062190753925	-749.811962996047	"0.0283110590848898_0.111822913669268"	"0.500000314259981_0.499999685740019"	NA
"32"	109	3.49644200509623e-05	0.123526566236357	0.0266581139480921	0.0388538878264094	0.377049852067475	0.494112883862312	0.126616124277244	0.0286024639353658	3.49644200509623e-05	2.29685584185383e-05	0.00562337987547101	NA	0.0382823662580742	1.40854556551845	-635.040849712402	"0.0344634000931362_0.123526566236357"	"0.478005718721683_0.521994281278316"	NA
"34"	108	4.39456402544908e-05	0.105813961758372	0.0549745237070741	0.0311762725820196	0.0358863240548146	0.0806969696136158	0.111291014562725	0.0248334519805238	4.39456402544908e-05	1.86604799750136e-05	0.138669794775837	NA	0.157676865371493	0.761895289513872	-666.250831216267	"0.0662504026739027_0.105813961758372"	"0.493202675763224_0.506797324236776"	NA
"35"	99	0.00128247594808431	0.0834532537563488	0.0568376243591785	0.0246739302402497	0.0400935519664924	0.0233606791223033	0.0804646714049025	0.0251686483033161	0.00128247594808431	0.00186969695515982	0.13951877466766	NA	0.502633779137367	1.29062820628982	-634.883682873869	"0.051332767205552_0.0834532537563488"	"0.499997850774992_0.500002149225008"	NA
"33"	103	1.43531395192671e-06	0.143909911216596	0.0343846441582513	0.0312056754379429	0.319044680967091	0.273110786593972	0.14344723120326	0.0280978636159704	1.43531395192671e-06	1.53842955545096e-06	1.42996925167616e-06	NA	0.00939720400055421	1.44483619877501	-642.457781503412	"0.0312466723111074_0.143909911216596"	"0.49855680969147_0.50144319030853"	NA
"37"	104	0.000967610826576589	0.0839353089510517	0.0779196980957878	0.0217385010966804	0.000199343899551525	0.000518038083978574	0.093672489840089	0.024704721735085	0.000967610826576589	0.000252483456944511	0.997603722406846	NA	0.632149874946368	1.39725342947185	-673.764886085765	"0.0838721634091566_0.0839353089510517"	"0.49999999999937_0.50000000000063"	NA
"36"	112	0.000364855133503256	0.12027729868599	0.057095962138136	0.0372141372002576	0.0897589764914197	0.127812460306148	0.13463853315329	0.0327070601448382	0.000364855133503256	7.42145716382576e-05	0.0435549371045054	NA	0.117556197252204	1.51740557076993	-671.538827534073	"0.0636965693519743_0.12027729868599"	"0.499922269284621_0.500077730715379"	NA
"38"	93	2.87798125851508e-06	0.106319690022246	0.10606133662596	0.0213194481618273	2.87798125851508e-06	3.02340091348752e-06	0.146237963967634	0.0285556397756532	1.7674063210447e-06	1.66077027626747e-06	0.11562517097594	NA	0.259569824875396	1.28650456747099	-581.314165785128	"0.106319690022246_0.145806808013586"	"0.507262044005662_0.492737955994338"	NA
"39"	107	0.00164516512460491	0.0661620997371451	0.0634166767028031	0.01907953608851	0.000761401598401861	0.00121984429787159	0.0732568153854928	0.0204791756525075	0.00164516512460491	0.000525117919164466	0.999523845169189	NA	0.72516647171646	1.10406095766882	-682.20900128749	"0.0661489642328646_0.0661620997371451"	"0.499999999999685_0.500000000000315"	NA
"40"	115	7.33462483217546e-05	0.106459567068158	0.0590284962467465	0.0278165052623344	0.0283949937746745	0.0359971810304342	0.109174175141106	0.0258684088250501	7.33462483217546e-05	4.92092664665837e-05	0.0429927785464481	NA	0.186797908182838	0.835327908030182	-712.113982433767	"0.0617534390149783_0.106459567068158"	"0.496717233729741_0.503282766270259"	NA
"43"	97	1.780417293293e-05	0.092464130150494	0.0846743775878271	0.0189427362114496	4.19656947844306e-06	2.1419127715434e-05	0.0967928005263595	0.0204672004218647	1.780417293293e-05	7.73535219127834e-06	0.999892522356041	NA	0.663895679725315	1.44254880189189	-598.898236513071	"0.092460455294088_0.092464130150494"	"0.499999999999909_0.500000000000091"	NA
"41"	97	2.76297380384036e-05	0.102986635824087	0.0888990699717844	0.0206546509689081	2.73762443220579e-06	4.04099167347495e-05	0.118533146630762	0.0233853455277319	2.76297380384036e-05	1.94387146244672e-06	0.999699912569725	NA	0.342220874495462	1.77889933693492	-608.471738474338	"0.102977115057654_0.102986635824087"	"0.499999999999785_0.500000000000215"	NA
"42"	123	1.02768967801825e-06	0.0890859850343601	0.0822541594626477	0.024115623528245	0.00033167783955135	0.000878846380567924	0.0933044405021591	0.0173090962318203	1.02768967801825e-06	3.48711075041236e-07	0.999905274380587	NA	0.709700831347106	1.2322366418955	-753.834224415047	"0.0890825891922065_0.0890859850343601"	"0.499999999999947_0.500000000000053"	NA
"44"	107	0.000211871025475269	0.0800065558495896	0.0697069532846581	0.0208505240288237	0.000211871025475269	0.00114541551082076	0.0862877754537211	0.0196938490047998	9.31828761836252e-05	2.78103250003468e-05	0.999739069488617	NA	0.563186865179135	1.31974440700977	-676.63725777482	"0.0800065558495896_0.0800139770459525"	"0.500000000000165_0.499999999999836"	NA
"45"	98	0.00213280048222299	0.105290308546049	0.0419976037453662	0.039328043624536	0.166627695278465	0.288225437786278	0.114590864621527	0.0333647992514286	0.00213280048222299	0.000874947297561574	0.0631191565417308	NA	0.159264915029104	1.03780728091561	-592.916843860193	"0.0548069848866249_0.105290308546049"	"0.499763923013312_0.500236076986688"	NA
"46"	89	0.133374092097763	0.0491202728780734	0.0603857624880372	0.0324241378640481	0.133374092097763	0.0658878051736336	0.158111031764579	0.0354799943537389	7.97567377995353e-06	2.44455008276251e-05	7.51766678908083e-07	NA	0.0420293701843543	1.20605028325408	-571.162046685881	"0.0491202728780734_0.168387600002986"	"0.500762785116524_0.499237214883476"	NA
"47"	114	9.5764023034237e-12	0.147997925196321	0.0961826571628145	0.0293693371583431	0.0022972202013977	0.00140334432885052	0.143090800712523	0.019484232799538	9.5764023034237e-12	3.44709739957406e-11	0.00575913443379017	NA	0.183213617015095	1.54238538432859	-728.237486107433	"0.091625483678707_0.147997925196321"	"0.497160249522569_0.502839750477431"	NA
"48"	100	0.26745457182722	0.0352452934100553	0.0396531555560813	0.0316037980523148	0.26745457182722	0.212543200396512	0.150452921586892	0.0378633240921163	0.000100638731127416	0.000134546591936217	2.58876488690163e-07	NA	0.0246679875071175	1.25135274205104	-617.421115476914	"0.0352452934100553_0.153471569014854"	"0.501210472823852_0.498789527176148"	NA
"49"	118	0.000758045446588373	0.0912253120117745	0.0828438105086336	0.0263760483112077	0.000758045446588373	0.00213340667720932	0.104006836421148	0.0231741069648826	0.000140635305070949	1.6927940752071e-05	0.999728356720108	NA	0.546669793115709	2.51424539668715	-729.231372123017	"0.0912253120117745_0.091233951362448"	"0.500000000000127_0.499999999999873"	NA
"50"	111	0.000798232229686936	0.0645640893890709	0.0724193877327265	0.0187189362720632	0.000798232229686936	0.00018574638409556	0.131945384753011	0.0504809950136135	0.00493036544547077	0.0102087819179715	0.00640015859633736	NA	0.268894389531919	1.45200457068254	-662.661167056074	"0.0645640893890709_0.144856945420004"	"0.567393382661092_0.432606617338908"	NA
"51"	98	0.000314771177491456	0.0796532153253776	0.0415161260510537	0.0352568455374005	0.176581617466292	0.24186363590491	0.0886941337084906	0.0213150220679848	0.000314771177491456	6.85299402699293e-05	0.370017294520625	NA	0.252159828815988	1.81968244365854	-588.561226286438	"0.0479941594128495_0.0796532153253776"	"0.466969465942924_0.533030534057076"	NA
"53"	107	2.37834637152798e-18	0.119139290305555	0.121004481583061	0.0112312820224496	2.37959278309545e-18	1.00488737912559e-18	0.121005484992756	0.0112312865918931	2.37834637152798e-18	1.00444479428907e-18	0.9999658654145	NA	0.999949594963345	1.5663647671952	-725.104199125596	"0.119138107966555_0.119139290305555"	"0.499999999999963_0.500000000000037"	NA
"52"	136	0.26546689257766	0.0458706508631616	0.0504414510288243	0.0410218180863196	0.26546689257766	0.22097626997266	0.135857867820882	0.035245864125932	0.00015986229796682	0.000178588778468439	0.0010028818719956	NA	0.114259519226201	1.24950699798193	-798.931550161112	"0.0458706508631616_0.136916079953246"	"0.500103330442821_0.499896669557179"	NA
"55"	93	7.03667822091287e-07	0.132292406558419	0.0670655604105966	0.0353843787493527	0.0694092736929506	0.0611864947011374	0.128949131270299	0.0248326569679781	7.03667822091287e-07	1.23502858592333e-06	0.0148648036816952	NA	0.152275200569758	1.26162966775544	-560.733908683426	"0.0650080441642078_0.132292406558419"	"0.492917318650399_0.507082681349601"	NA
"54"	114	0.000312005066942239	0.077156993549911	0.0776027025072062	0.0207415066684544	0.000312005066942239	0.000289204976253318	0.118434141356284	0.0264306908933908	3.36911307660379e-05	1.7896024579304e-05	0.0712311048883394	NA	0.224247085899853	1.72093759954911	-732.459913009613	"0.077156993549911_0.114181251028329"	"0.500534588668405_0.499465411331595"	NA
"56"	99	0.021786623583913	0.0696553734667714	0.0792661161482335	0.0298785117055116	0.021786623583913	0.00930935839238358	0.140526056079103	0.029037337436891	1.86625759657865e-06	4.84943262959687e-06	0.000676384670299068	NA	0.141472084597862	1.41177629316585	-624.895316553692	"0.0696553734667714_0.147272541451819"	"0.501257667969267_0.498742332030733"	NA
"57"	103	0.000318435325147764	0.0745558790873706	0.0707336965706201	0.0174244546134751	4.24785403401154e-05	9.65924893649381e-05	0.0746766868732789	0.0200050421348267	0.000318435325147764	0.000311795721911487	0.999996695221479	NA	0.881848168334802	1.58583329643992	-625.958116191321	"0.0745557496333209_0.0745558790873706"	"0.499999999999997_0.500000000000003"	NA
"59"	81	5.62614695016644e-05	0.0817298401502918	0.0746211696412471	0.0192056588598428	5.62614695016644e-05	0.000209486870166394	0.0856424687739489	0.0344197126406208	0.019966477700052	0.0149169541706874	0.999984022354792	NA	0.779769756162493	1.36814797763589	-481.158606156827	"0.0817298401502918_0.0817307285665153"	"0.500000000000035_0.499999999999966"	NA
"58"	103	8.61340795604294e-05	0.096733789108392	0.0911154421371212	0.0230231409096809	5.69642742352989e-05	0.000140170182923297	0.105391330021754	0.0236484934639886	8.61340795604294e-05	2.14131430665056e-05	0.999765473723909	NA	0.665349088463897	1.93233836869421	-648.75248974565	"0.0967263324960184_0.096733789108392"	"0.499999999999928_0.500000000000072"	NA
"60"	104	0.0722436345304351	0.0476228026369172	0.0365247982234233	0.0262206713737453	0.0722436345304351	0.166625927734438	0.0504008936772524	0.0203838379812304	0.0214026605067565	0.0150507695448421	0.999889578620452	NA	0.676088939092304	1.70124311067005	-659.296581699627	"0.0476228026369172_0.0476262755924328"	"0.500000000000116_0.499999999999884"	NA
"61"	107	0.000109931196163265	0.100952991899773	0.0284494029013725	0.0315228922386434	0.587832424645294	0.368837695818532	0.0953152515545532	0.0251244061629297	0.000109931196163265	0.000247262562949078	0.000265786906590737	NA	0.0971613330631214	1.1527836548987	-667.777325044618	"0.0171370295624607_0.100952991899773"	"0.490615140092233_0.509384859907767"	NA
"62"	101	0.000240337963810633	0.111798071250506	0.0997342895663502	0.0221325986671806	1.98471331607926e-06	1.79430048947898e-05	0.127083787631536	0.0293451784782426	0.000240337963810633	3.53809033074445e-05	0.999560526714621	NA	0.45682452005715	1.44044785192608	-629.653118347383	"0.11178448522097_0.111798071250506"	"0.499999999999564_0.500000000000436"	NA
"63"	101	8.58594522290168e-11	0.107326035841676	0.107422621035605	0.0150696109461051	1.66435265528576e-10	1.61033098167806e-10	0.11024428057892	0.0147858289902699	8.58594522290168e-11	3.29208339794834e-11	0.999770688769143	NA	0.893677506486038	1.82226490479088	-643.375784945117	"0.10731932968082_0.107326035841676"	"0.49999999999979_0.50000000000021"	NA
"64"	82	5.47816220525317e-06	0.100498163775551	0.0973716088283669	0.0206441388104265	5.47816220525317e-06	9.86102253140208e-06	0.104761054476027	0.0182417972576135	4.1414748053629e-07	1.5686552175062e-07	0.9997157538759	NA	0.78852240388313	1.82823461715558	-523.470244363085	"0.100498163775551_0.100507249074337"	"0.500000000000429_0.499999999999571"	NA
"65"	109	4.56043209569158e-07	0.0944927304458454	0.0913515376051039	0.0175972141404989	4.56043209569158e-07	9.88857325494659e-07	0.0962663505657173	0.0191584938671501	2.96070755334125e-06	2.00970920954319e-06	0.999786802580417	NA	0.85014603461427	1.43871498188229	-719.635565841955	"0.0944927304458454_0.0944986628467621"	"0.500000000000057_0.499999999999943"	NA
"66"	105	0.0217909257485724	0.0716180354113638	0.0762619136104639	0.0307501545124407	0.0217909257485724	0.0147413947887372	0.127893697413507	0.0300824471640666	1.2414957800321e-05	4.64839739085859e-05	0.00480079413839984	NA	0.230044555369769	1.49796831435568	-651.46256155594	"0.0716180354113638_0.138095712576218"	"0.500711884396957_0.499288115603043"	NA
"67"	109	1.28084300206933e-07	0.0739362187202818	0.0727881574188527	0.0130716948879319	1.28084300206933e-07	1.89723358912508e-07	0.074395946778489	0.0142786976399744	1.04509814437206e-06	9.11164180338296e-07	0.999856910490618	NA	0.933808976738247	1.29296289049298	-726.924754195056	"0.0739362187202818_0.0739403410762518"	"0.500000000000085_0.499999999999914"	NA
"68"	113	0.0450685580469066	0.0773493354518175	0.0598086533996541	0.0266511638349626	0.00446195480578976	0.0267897210232808	0.0960147219280686	0.0381651562344993	0.0450685580469066	0.0132949545860095	0.999991914085578	NA	0.436689425595758	1.5840687912896	-694.270025928376	"0.0773490776231697_0.0773493354518175"	"0.5_0.5"	NA
"69"	106	5.77957077335866e-06	0.15277533771868	0.0881711600514323	0.0361089006871203	0.0109295715399303	0.0162845743434849	0.154400395458904	0.031975464909207	5.77957077335866e-06	4.69394132718485e-06	0.0113627124624318	NA	0.169705247636212	1.62643713492431	-662.679615020558	"0.0935587955430998_0.15277533771868"	"0.499736088413367_0.500263911586633"	NA
"71"	101	2.14601632893169e-07	0.0883388370511173	0.0856639376810584	0.0158574270320725	2.14601632893169e-07	4.46751950916235e-07	0.0912861781760599	0.0251081643541848	0.000654964502568156	0.000440135072875205	0.999983994066285	NA	0.849839051745979	1.11966579540361	-636.128327407949	"0.0883388370511173_0.0883394064189048"	"0.500000000000026_0.499999999999974"	NA
"70"	109	8.63462616189991e-07	0.0992174975462851	0.0957226838528509	0.0164798696296248	2.43740287909199e-08	6.43647395163234e-08	0.101987104939408	0.018997147593819	8.63462616189991e-07	4.58456761927855e-07	0.999807435459304	NA	0.803290261957975	1.73617316028823	-706.726938891707	"0.0992117740470507_0.0992174975462851"	"0.499999999999902_0.500000000000098"	NA
"72"	126	0.000138774388420635	0.0838294633776925	0.0726957392907205	0.0213200737301207	0.000138774388420635	0.000875989625051035	0.0966114877598396	0.0278300883840603	0.00313723973757887	0.000711301415817585	0.999755307929549	NA	0.49512656508911	1.26932370561967	-770.509661900069	"0.0838294633776925_0.0838371735696002"	"0.500000000000243_0.499999999999757"	NA
"73"	108	8.34063216827188e-06	0.140543038189379	0.0886208384935772	0.026623499049083	0.00118592875076481	0.00119738224919974	0.142030769275683	0.0300112123018753	8.34063216827188e-06	6.82001431937635e-06	0.0126834646893874	NA	0.183087485142639	1.16581162383063	-698.744546996584	"0.0886995500697609_0.140543038189379"	"0.499919699228169_0.500080300771831"	NA
"75"	81	0.121921934712977	0.0363805216754286	0.0451676922348742	0.0232711447963598	0.121921934712977	0.0557886028767104	0.101793025057218	0.0357899240606462	0.00256190032148901	0.00565088972866433	0.00219153357400526	NA	0.184700490031397	1.3337852947783	-505.598977262063	"0.0363805216754286_0.111446447723467"	"0.506187349428146_0.493812650571854"	NA
"74"	93	9.80121278292206e-07	0.100553748648168	0.0939836205284222	0.019159483808733	9.80121278292206e-07	4.00694134048245e-06	0.107400847994184	0.0183869111265857	3.8111424683329e-07	7.75153874830459e-08	0.997692796013037	NA	0.613374027600599	1.45514157535278	-607.497168561789	"0.100553748648168_0.100619080843834"	"0.50000000000113_0.49999999999887"	NA
"77"	85	0.000734441763441989	0.108154361383601	0.0854935147490945	0.0308548457946761	0.000734441763441989	0.00688253598669351	0.122471805311651	0.0242609508314986	2.538103526552e-05	2.55178814791781e-06	0.999833470270358	NA	0.34613841120907	1.30254165111783	-519.637002122429	"0.108154361383601_0.108160531957188"	"0.500000000000181_0.499999999999819"	NA
"76"	111	2.99537113237195e-05	0.13841390481297	0.0325217045622225	0.0397328864892905	0.460290553440009	0.414836549042293	0.136843147226984	0.0317812709115658	2.99537113237195e-05	3.62809045285089e-05	6.34171711322296e-06	NA	0.0403301025667054	0.980109091247159	-678.326622683614	"0.0294408724766155_0.13841390481297"	"0.499013929757009_0.500986070242991"	NA
"78"	91	0.0235239232914929	0.0587286445059583	0.0494849411105129	0.0254896781741668	0.0235239232914929	0.0553417010473229	0.0691598698387915	0.0200901073410902	0.00437373835969411	0.000876501935632007	0.999632554649326	NA	0.544369209345537	1.36283624032797	-578.530095420033	"0.0587286445059583_0.0587395605323561"	"0.500000000000283_0.499999999999717"	NA
"79"	93	0.63955278555473	0.0136916013488503	0.0217312915736644	0.0291385195877899	0.63955278555473	0.457694040539434	0.127235948608492	0.0384800329778359	0.000628181377077672	0.00134815725407859	1.52802418473819e-06	NA	0.0288283869262652	1.30157304339579	-569.769420690022	"0.0136916013488503_0.136250820571885"	"0.503029916325894_0.496970083674106"	NA
"80"	94	0.175118135919826	0.0433509309415082	0.0536962181404779	0.0317271275741827	0.175118135919826	0.093910174070434	0.161514863456211	0.0471312339540962	0.000324374931644301	0.000910812810435907	2.61591180272802e-07	NA	0.0577344705831904	1.39348009718519	-572.287003082118	"0.0433509309415082_0.175998279227931"	"0.503746732579066_0.496253267420934"	NA
"81"	109	7.11200653081713e-06	0.156553781685082	0.0295588312108991	0.0391015827240209	0.570151139268861	0.451325025212191	0.149438555913407	0.0331678381427424	7.11200653081713e-06	1.6839178361802e-05	2.74759848206685e-07	NA	0.0193864956826166	0.996691393377753	-642.11270885367	"0.0222711487055552_0.156553781685082"	"0.493690164601207_0.506309835398793"	NA
"82"	123	0.0325232184290158	0.0487997590916741	0.0551908822705732	0.0225653411243507	0.0325232184290158	0.0158788902432036	0.127959241257196	0.0292281982045333	7.80327364230499e-06	2.54571965727798e-05	3.83305294420211e-05	NA	0.0487595873118062	1.30901717358033	-774.876812433307	"0.0487997590916741_0.136502226821348"	"0.506403439795653_0.493596560204347"	NA
"85"	109	4.27594576298281e-08	0.0731792132296723	0.0732303330181738	0.0124069401905524	4.27555588283823e-08	4.19232264174113e-08	0.0732330804128791	0.0124073408824947	4.27594576298281e-08	4.19173064495256e-08	0.999928982315884	NA	0.999875067791526	0.96640366443866	-727.843232547476	"0.073177096888766_0.0731792132296723"	"0.499999999999933_0.500000000000068"	NA
"83"	92	0.000119014842117059	0.115031718619632	-0.0332592846566838	0.0422877251575806	0.389193062886421	0.433618170968367	0.107215954673714	0.028601127967293	0.000119014842117059	0.000312008403448673	3.36062422334749e-09	NA	0.00593000239571114	1.56265683958001	-556.784214664451	"-0.0365882021931962_0.115031718619632"	"0.49613538103226_0.50386461896774"	NA
"84"	93	3.15878391158192e-08	0.157839766336065	0.022990386930555	0.0378448773940698	0.856054775803579	0.545022295226543	0.144074352033865	0.0261115099143611	3.15878391158192e-08	3.14125403267237e-07	7.63894281163857e-10	NA	0.00845156813493981	1.46109048528481	-571.394872174962	"0.00688430323481561_0.157839766336065"	"0.498159605165718_0.501840394834282"	NA
"87"	86	0.00879477111447197	0.108504158302092	0.0910192758094663	0.0316453935615299	0.000938735912808408	0.00508626201446299	0.131245933233126	0.0404584523579774	0.00879477111447197	0.00168588523688297	0.999630317814161	NA	0.43353322800158	1.09003266840467	-510.811732012496	"0.108489696218727_0.108504158302092"	"0.4999999999995_0.500000000000499"	NA
"86"	107	2.78149874583079e-05	0.0996972704545494	0.0705017498591383	0.0268382484927774	0.000753787380810991	0.00989303859772051	0.118488106407564	0.0227545828184339	2.78149874583079e-05	9.47120510186194e-07	0.752013683647455	NA	0.172634687778695	1.48529814876973	-673.369159662434	"0.0996972704545494_0.093129287936498"	"0.503400411077041_0.496599588922959"	NA
"88"	102	0.00510293684935278	0.0928335497223335	0.0735920000612741	0.0363899335546286	0.0122419119080212	0.0457872985367433	0.108619500432153	0.0324249899456987	0.00510293684935278	0.00113775176976421	0.999921191141719	NA	0.472352114023345	1.78914859851142	-598.424496134829	"0.0928301710063952_0.0928335497223335"	"0.499999999999857_0.500000000000143"	NA
"89"	128	0.000684021872039292	0.0769232300623398	0.0578951357388218	0.020507992137073	0.000358491330244604	0.00552409754542368	0.0907734693576887	0.0220943330599061	0.000684021872039292	7.09078414458878e-05	0.927300438857629	NA	0.275421150945414	1.22884438902901	-807.134189025812	"0.075219042768479_0.0769232300623398"	"0.496793460428828_0.503206539571172"	NA
"90"	109	0.000390769663697552	0.0983413975013562	0.0394923088904957	0.0308273733832418	0.141564969390612	0.202909831240527	0.104992307323368	0.0268626132768392	0.000390769663697552	0.000162389848200606	0.0247575995268909	NA	0.109179975955708	1.4938292424358	-691.563408720597	"0.0456499195234436_0.0983413975013562"	"0.497561431259814_0.502438568740186"	NA
"91"	111	1.46423796268305e-06	0.0931359841036349	0.0899250012699752	0.018283304392322	1.46423796268305e-06	3.0759429820947e-06	0.0957102338589157	0.0168347857573061	2.15548442294422e-07	1.08743379656562e-07	0.999673145115402	NA	0.815936345856563	1.55068929849946	-720.196451877615	"0.0931359841036349_0.093145134553058"	"0.500000000000128_0.499999999999872"	NA
"92"	102	2.3542366721034e-05	0.107337759634608	0.1005106276811	0.0241104884585428	2.20138723580684e-05	6.47881542815896e-05	0.115613348663182	0.0242060625674944	2.3542366721034e-05	6.06251156915894e-06	0.999760185595363	NA	0.658451531980204	0.992368401009196	-635.493749087425	"0.107330387659753_0.107337759634608"	"0.499999999999846_0.500000000000154"	NA
"93"	97	6.91583937243236e-09	0.11625940639531	0.0651991678396609	0.0301085351071549	0.0702368145955708	0.0328295046452315	0.110230894853904	0.0182880961989122	6.91583937243236e-09	3.08112346292134e-08	0.010716409763448	NA	0.201139817169511	1.04520838472514	-609.157254690358	"0.0551218612424679_0.11625940639531"	"0.494976975656063_0.505023024343937"	NA
"94"	102	1.21232847330606e-06	0.137586164403008	0.0633269928298646	0.0333107480915194	0.092341362194876	0.060139732402087	0.133953887058298	0.0266386238815973	1.21232847330606e-06	2.14871986334185e-06	0.000502730450558486	NA	0.0977473797751383	1.36635605250207	-648.393334045469	"0.0566048551900116_0.137586164403008"	"0.498970528107082_0.501029471892918"	NA
"96"	97	8.48237592632717e-09	0.0893700053061076	0.0859361795793096	0.014157741662074	8.48237592632717e-09	2.54639182013767e-08	0.0889355124321614	0.0142933478531598	1.11294197101803e-08	1.27958601372543e-08	0.999857142755603	NA	0.881486053272514	1.22852510471273	-628.08127714671	"0.0893700053061076_0.0893742652006117"	"0.50000000000019_0.49999999999981"	NA
"95"	108	0.00139800927734764	0.0925588355756665	0.0361046146152605	0.0335462392178596	0.395142836262665	0.284229846877362	0.0846289674981651	0.0282125460697889	0.00139800927734764	0.0033620768447156	0.00455277714468627	NA	0.268277645578774	1.25752121476624	-685.714984681557	"0.0286405861315392_0.0925588355756665"	"0.49858511003451_0.50141488996549"	NA
"98"	97	0.0026457756844537	0.0782927639352688	0.0606124047089421	0.0258380677395062	0.00314594162221641	0.0210405663962601	0.0940563839399313	0.0253649687796708	0.0026457756844537	0.000349522817544994	0.999606183599114	NA	0.355656106668941	1.32099872405007	-599.266689808035	"0.0782800201742096_0.0782927639352688"	"0.499999999999639_0.500000000000361"	NA
"97"	102	0.117153619102008	0.0544128678124733	0.0702083943147968	0.0344309081579951	0.117153619102008	0.0440510131686601	0.138127894281596	0.0382508958913252	6.72060738090934e-05	0.000476767693988761	1.17900114626757e-05	NA	0.186925495828952	1.93451486256239	-629.335900645859	"0.0544128678124733_0.159083430744495"	"0.504737344596708_0.495262655403292"	NA
"99"	92	0.172117737493892	0.0407545638636183	0.0505262190201696	0.0296124982991884	0.172117737493892	0.0913729549764571	0.114728172159604	0.0363430853983102	0.00112220980337443	0.00216365715469226	0.000523281927711228	NA	0.170843003078599	1.2479255517889	-583.456220853597	"0.0407545638636183_0.122293910060185"	"0.500725850660383_0.499274149339617"	NA
"100"	108	7.94854424007492e-09	0.110097164655031	0.0875929100092265	0.020375940457787	0.000181606165860818	3.80034526734604e-05	0.106093165133417	0.0175724412547855	7.94854424007492e-09	2.29665478467638e-08	0.172378133973693	NA	0.491722986521685	1.33821297604748	-688.64314890026	"0.0790348905157215_0.110097164655031"	"0.493979166179623_0.506020833820377"	NA
