simNum	IVsNum	P_mbe	eff_mbe	P_egger	eff_egger	P_ivw	eff_ivw	P_weightedMedian	eff_weightedMedian
51	117	0.046635754947983	-0.101517838934598	0.000927536956814023	-0.150955755533003	2.96546033886867e-14	-0.0975075679588406	8.21501288583274e-07	-0.0931329335531905	
76	97	0.113335648649661	-0.0747198318005379	0.00547317285611948	-0.154107892358978	0.000645107267536704	-0.0522810151133472	0.000821668226985612	-0.0709040765745116	
81	100	0.111899974355077	-0.0852188949756016	0.0279590925574464	-0.128783871485343	5.3216365429555e-11	-0.10167030407846	8.82247365725053e-07	-0.102508799143797	
56	100	0.00791473015209719	-0.156262920311743	0.0853430173660537	-0.107776469605832	4.33408246905182e-14	-0.11681098804417	5.44828253369698e-10	-0.133928600458819	
26	117	0.038747689516887	-0.102556863762832	9.14284002995203e-05	-0.203015398370095	1.14862709318822e-09	-0.0827511341142947	1.04718819634068e-06	-0.092384598486021	
6	123	0.173518591545877	-0.0696372048767211	0.274147980121001	-0.067508176022134	1.45365913424343e-07	-0.0837995898049483	5.37636301955596e-05	-0.0783547817547629	
21	120	0.0233518784377609	-0.10909037404399	0.381582048163816	-0.0485080534920189	4.34389014959823e-07	-0.0679586839836432	8.87020887119032e-05	-0.0748458953958259	
36	116	0.207696439669471	-0.0598390363670818	0.0087664720609304	-0.155360673622989	2.08967452263771e-07	-0.0759872440911133	0.000245695705593205	-0.0717983794674999	
1	106	0.0389110626130879	-0.10416026734127	0.0978814684615192	-0.0887620822907523	1.64150051546263e-12	-0.105483889181577	3.80485480981016e-07	-0.10893530022684	
86	92	0.855558629939558	0.0113829536284533	0.192739501634359	-0.0876184009326903	2.25350090471594e-07	-0.091494032574621	1.85756021805455e-05	-0.096190049167078	
96	117	0.0299664219317127	-0.107721125536614	0.366299464593508	-0.0437420605589847	2.49238137724026e-10	-0.0853366229453098	4.84143839274952e-07	-0.0965578252592192	
31	101	0.0786284994587259	-0.0855114611670172	0.709192309095378	-0.0273826663533579	8.91997244757231e-07	-0.0909503133035836	0.000121460118142767	-0.0844156918773359	
41	107	0.0396639652293264	-0.117712597728819	0.00566814143999683	-0.191905498503408	4.88173563292184e-10	-0.109241828624308	2.84778940365111e-07	-0.109711235677133	
71	108	0.310716642235532	-0.0474969223754329	0.00538162319481117	-0.160792792823599	0.00032677364413966	-0.0586357743785113	0.000595123637405366	-0.0689120271552409	
91	106	0.0308197780482861	-0.118439056023705	0.000820876230520629	-0.211644540209012	1.33560038944881e-08	-0.0975031299819177	6.60443449186487e-07	-0.10825003217259	
46	96	0.0363080093467985	-0.12347205103003	0.202889907795903	-0.0689878706467235	3.54968782188347e-07	-0.0745910999976354	3.027288806544e-05	-0.0881936513997088	
16	122	0.113750261994406	-0.0759669765334566	0.0904677785484471	-0.0866940725487898	3.81740495266327e-08	-0.0723835897293136	3.53000513244829e-05	-0.0780286416641091	
61	112	0.136879412004006	-0.0761417164980092	0.122490469979604	-0.0764523157651935	7.07077176778472e-13	-0.0947542884515819	9.91276962697928e-06	-0.085445843214071	
11	108	0.0145950702672899	-0.121668757541705	0.00520158520832692	-0.156661280975677	9.34183864774069e-08	-0.0810274410644669	1.01147956272492e-06	-0.103167138919323	
66	130	0.0257148042852917	-0.142088190052304	0.0545020378747765	-0.0986503714887473	9.33463801571771e-09	-0.078712297948996	9.9059398974391e-06	-0.0845460401347851	
52	111	0.479627605172452	-0.0378001417718208	0.237424769036706	-0.0958377245314146	6.92792078115354e-08	-0.10207485600777	0.000209625223968938	-0.08094516288788	
77	108	0.118201198322862	-0.08936215097333	0.277597143417587	-0.0756637628678602	1.20473911327334e-06	-0.0780734766251785	0.000105649671615609	-0.0815076499135536	
57	87	0.454113818696408	-0.0393560605958384	0.935599345747412	0.00644237914948441	3.41027204775492e-08	-0.0926847207162109	0.000218965712257697	-0.082540452902563	
82	106	0.0796101226144904	-0.0862781591461994	0.179648296538739	-0.0886521028597803	0.000241823770204449	-0.0627063193702963	0.000126820645108913	-0.0774668644064134	
22	84	0.266232745054368	-0.0552579347626208	0.0171751465294436	-0.14551224548313	2.33453542396392e-07	-0.0789151873129437	0.00530578903002105	-0.0614849698795926	
87	84	0.147805046265195	-0.0845716575605387	0.228839996140552	-0.0979747200023475	5.53114990802004e-09	-0.101125055327531	0.000291282276849812	-0.0888759130062909	
32	107	0.641128865934876	-0.0250004753918412	0.449279715575739	-0.041015211347036	8.10872369396373e-05	-0.0585367086974169	0.00355295296832424	-0.0592987993331458	
97	101	0.000923321656916074	-0.162435241728186	0.00687914918193688	-0.170822984458461	4.26904313242898e-11	-0.114115128926239	6.80786276395318e-10	-0.131849240818109	
7	111	0.629558638722759	-0.0271974601971583	0.000242624909365219	-0.181653558402145	1.1468422415281e-07	-0.0774179105223968	0.00160476493817492	-0.065395600493754	
27	112	0.219190872303173	-0.0632334278394979	0.298770475903665	0.0601181106897772	2.92276919418958e-11	-0.0950388117802422	9.37877723748053e-05	-0.0780843606631895	
92	105	0.489936013020783	-0.0505671891449475	0.066087659636985	-0.116594177378643	3.8093123236248e-09	-0.0989914586529878	0.000147270139297883	-0.0842566095442894	
2	110	0.174297044539027	-0.0723057459101097	0.0887270505237936	-0.090019987656855	1.21747166440013e-09	-0.0872288157695646	3.22621448771663e-05	-0.0852310069935306	
72	106	0.103262792629086	-0.0722694717449524	0.0131759247694614	-0.131278706641718	3.33168318864479e-08	-0.0777971459697766	0.000227903376321223	-0.0757029406190738	
47	111	0.21585778988849	-0.0585972277457723	0.148462774765304	-0.0906229552531904	7.41173454396505e-06	-0.0728701102190937	0.000789145456540254	-0.0663668881411852	
37	110	0.00704563198512166	-0.146884301180911	0.0884241324430246	-0.11604941881689	2.44840540227557e-10	-0.106879594923802	1.76640150097949e-08	-0.119936445802787	
42	105	0.0382694565038573	-0.126783735977101	0.17323202706113	-0.0827232708401321	2.72583261324703e-12	-0.100899787415727	1.46508134181805e-07	-0.112425480250362	
17	124	0.0116134091744577	-0.128369799799041	0.14936509265023	-0.0752509805519412	2.37344700913666e-10	-0.0841552827449802	9.77574467057373e-08	-0.0998951135979437	
12	103	0.138590450500607	-0.0765523538420336	0.00926585687054993	-0.151889644747765	2.47856481903352e-21	-0.138246865971626	1.01997621853261e-07	-0.113466503986526	
62	118	0.106259719670035	-0.0789300065371725	0.00255921695950345	-0.157512506330279	1.47184654638217e-10	-0.0884545446378827	9.34812897982562e-06	-0.0881333425033866	
67	99	0.837818985238285	-0.0125017875172372	0.476278301686022	-0.0553633611984446	2.05407096714079e-07	-0.0867546581467513	0.000204694911629797	-0.0818917199314295	
53	118	0.0146234805056851	-0.142405102201301	0.0196424996911033	-0.128836984186015	2.69034410210802e-13	-0.105477730169313	3.48596184571323e-09	-0.11780951729341	
58	109	0.0271676872674286	-0.111917960113181	0.000678838010911509	-0.202349581397781	1.91283806854544e-08	-0.0831649178747266	1.3010061524511e-06	-0.099661368606308	
78	99	0.0100791413938351	-0.114982299493472	0.145477511186207	-0.0787963570937897	1.03493625933502e-14	-0.111509134497805	1.75168619449368e-08	-0.11403208222915	
83	92	0.095751216715393	-0.0858863817197214	0.0665761343852	-0.128119017944563	1.29022248335782e-09	-0.102070782512197	0.000113041807236343	-0.0866668112556692	
23	97	0.168644289894261	-0.0727946053075182	0.454016837144657	0.0465499564564142	9.03192680322486e-08	-0.0942489050127597	2.31152564436404e-05	-0.0952283253114412	
33	105	0.00141619499867297	-0.157722452046094	0.478704166237071	-0.0339024241173797	8.86777273831156e-13	-0.0969946157279932	2.22176946076544e-07	-0.102419024933182	
28	85	0.356404297378548	-0.0572689472719777	0.0779205904391047	-0.115415727649813	2.25034125100166e-15	-0.125039578783401	7.30723897568986e-08	-0.124057758427297	
98	107	0.54891634733455	-0.0353582266916793	0.845465122865412	0.0120278980686882	8.04920611403055e-05	-0.0640164743647821	0.00240034628781863	-0.0629181882435805	
88	105	0.189522089538733	-0.073121008024067	0.832627451824345	-0.0122966473997918	8.21445904692036e-08	-0.078427755620458	4.83095022423668e-05	-0.085243635315486	
8	110	0.178764922247122	-0.0754299784593255	0.995935182344096	-0.000262852391441994	1.61821783760933e-07	-0.073528758299283	9.98494350045583e-05	-0.0786220835394635	
93	99	0.0725296068712852	-0.0895753974235357	0.635445772244452	-0.0340164872317023	0.0036529877028885	-0.0535529411995483	0.00657817012410426	-0.0589865636636555	
73	83	0.0368523878795159	-0.132183865804173	0.625500045410271	-0.0358880359716907	2.16653440140161e-09	-0.106603056814307	5.79283798072722e-07	-0.121334590538093	
38	114	0.0420842867642025	-0.0982997838468949	0.041165371630141	-0.142599412587942	4.21382876669349e-11	-0.0996467191661169	4.8357888791476e-07	-0.102167329126572	
3	120	0.00361115167859738	-0.141296171099851	0.608450310931316	-0.0362203020368166	0.000192663467177806	-0.0718183522753132	8.49311161481276e-09	-0.114109424097117	
18	103	0.00808482266031731	-0.140468521464197	0.0418444334174641	-0.131569245826637	1.2919043247487e-05	-0.0752839682117929	0.000671741150676767	-0.0731015900270091	
43	101	0.064335166424986	-0.090591208168996	0.145216965991271	-0.105588628751009	1.31416742866062e-09	-0.104881411685361	2.19697916395374e-06	-0.10106723877461	
13	107	0.0629406972449787	-0.0973978960299325	0.0226442769395927	-0.119115077230762	7.70618495104687e-07	-0.0692386281827561	3.95624449073323e-05	-0.0841123133048335	
48	87	0.0407514591183581	-0.11319046460522	0.709555489194231	-0.0270283461879717	0.000569619934602054	-0.0668011186552209	3.31163942607508e-05	-0.100199671398638	
63	104	0.167485287388195	-0.0713955091622787	0.916034412377486	-0.00723973978197494	1.71332264513008e-07	-0.0939386999460708	4.39573855335199e-06	-0.0965647379619749	
68	100	0.230605734449463	-0.0635942623978647	0.00278091394738378	-0.188161204772598	5.44944798794445e-05	-0.0746770226162057	0.00111286615184009	-0.0686551175923755	
54	132	0.0366531647449538	-0.095940897460098	0.141442868832289	-0.0729940173718632	0.000389851359988317	-0.0475111843286966	0.000539764846247361	-0.0653167508403203	
59	116	0.00396400884715146	-0.116704763872689	0.242878734988325	-0.0695643060428324	8.06634046951013e-07	-0.0797480431553965	3.33920191531345e-07	-0.0988540230014141	
24	97	0.414419677344828	-0.0492250524971007	0.232743919721838	-0.0778054285221934	1.88871085918107e-12	-0.128701776529879	2.46005877196517e-06	-0.103354946248392	
84	107	0.22090279236703	-0.0576479369793329	0.436050517069049	-0.0422586351545629	7.65768229849635e-06	-0.0683551057907501	0.000644562339613324	-0.0696275288090458	
29	105	0.186934592596075	-0.0702530329638599	0.486911507253018	-0.0427598391760981	1.29676710463598e-07	-0.0862461612691704	0.000269041906638209	-0.0759721020606372	
99	98	0.024474116186699	-0.115981507867893	0.594418817855427	-0.0317648739311761	9.19900922310709e-09	-0.0843688220769941	8.82411132952102e-06	-0.0945529197813416	
34	117	0.679309637101718	-0.0188902504454534	0.169495194945567	-0.074760218124562	1.75728506129982e-09	-0.0834709737306923	0.000914134869429506	-0.0647598563648921	
9	121	0.0322238626585245	-0.100802038126285	0.00610554333550573	-0.152707876566763	2.20452651071054e-07	-0.0745468844502012	2.10543082437197e-05	-0.0845222294433133	
89	108	0.265359011296836	-0.051968287669545	0.427880073347513	-0.0513410774282006	1.44542225074649e-07	-0.0819487868556991	0.000278154040346729	-0.0727615272844549	
79	106	0.408543587932772	-0.0453372491415389	0.0738673862965176	-0.0897361015934248	3.34936157320376e-06	-0.0701961521388903	0.00129926402637471	-0.0692040773687236	
94	108	0.0109864606991972	-0.114097951928264	0.0344633417443572	-0.127660163244113	1.0096968221137e-07	-0.0853006792322461	1.1753610096748e-05	-0.0882057933798394	
74	98	0.280020218709199	-0.0574719849717379	0.0085876299429446	-0.152606428247228	2.30688816479e-08	-0.0827701793188877	0.000515868140820024	-0.0753314924196109	
19	93	0.0484095609927782	-0.0999436052609763	0.233540706412099	-0.07451897050397	7.0855251449e-09	-0.0992349294438077	6.85907334437714e-07	-0.109216922446153	
39	98	0.0134490711333249	-0.136326665791712	0.0522116930203602	-0.114388380796324	4.61497110952699e-10	-0.0892752614206894	4.36400181906636e-07	-0.105257316346388	
49	101	0.112994898403607	-0.0795667675471712	0.00961943140110288	-0.167069791934569	1.8312283201127e-10	-0.102399739059218	1.31377250395566e-05	-0.0917120264171131	
4	109	0.034211963948776	-0.102539358802744	0.00409564002905038	-0.199101243458413	0.00119341125968569	-0.0543273634055888	0.000293048668775598	-0.0746382847045535	
44	125	0.0504637172890786	-0.0994312331143219	0.000149917782658715	-0.202849438079289	1.4191315683407e-14	-0.107905662846796	5.36983474378321e-07	-0.0992336074130741	
14	104	0.00957494826983711	-0.135135460110371	0.108245315146206	-0.0931303063000292	8.05469768022467e-11	-0.0937814303183075	2.42318741411866e-08	-0.114938056040095	
64	101	0.139575380021973	-0.0815228081378973	0.160304069652729	-0.0833227096991885	1.03293219651156e-09	-0.0996675614867571	8.14495053271375e-05	-0.0856673296976762	
69	116	0.0290530205947344	-0.109716447323664	0.0996872126004642	-0.0858333398340199	7.37242384987953e-08	-0.0733035790799018	4.81736981826348e-05	-0.0798620142581326	
30	103	0.0717543140510244	-0.0809861087486297	0.0151149675012303	-0.133870433787431	6.87224489135736e-11	-0.0913355629140908	2.14342199227116e-06	-0.0962431758415009	
55	100	0.0220344573812098	-0.125464141810128	0.102375790153101	-0.0911800795187173	3.66195475923546e-11	-0.0991479074796871	2.43318486559899e-07	-0.110759189359916	
85	105	0.0359435417208041	-0.0957275500518834	0.598885754142833	-0.0329025440608748	8.51625954194467e-10	-0.0936320849408811	2.90173389809346e-05	-0.0884218485944511	
25	112	0.0747990808815245	-0.106138613015467	0.190335026060353	-0.073644437542423	4.84639367530221e-10	-0.0838629154001271	4.09260344190528e-06	-0.0919953073808746	
60	104	0.15188477783177	-0.0718167761474975	0.071168156057055	-0.0929396798710038	4.12027647221359e-08	-0.0841874278833665	2.39513696151423e-05	-0.0870561373275374	
100	110	0.121944489476548	-0.0716924966665927	0.433667446489704	-0.0561187547666219	3.9549925114886e-06	-0.0786276090370377	0.000483839143881559	-0.0745417992521502	
35	102	0.0370266376765594	-0.0989580039605332	0.100919446645903	-0.0990014079098087	4.96994528980167e-07	-0.0704993168338305	5.00916806558017e-05	-0.0851035364038859	
80	113	0.203738748327773	-0.0728278005441118	0.291090101448402	-0.0666289577877557	2.17081288387368e-06	-0.0686119993571657	0.000833232479665239	-0.0677055327811774	
10	120	0.0622421479604762	-0.0907844944475563	0.0245361623904676	-0.117482342799799	2.88116420564683e-15	-0.108674031618218	1.94833485182745e-08	-0.107363025731201	
75	96	0.161073463607411	-0.0718560423692727	0.257123713905568	-0.0858317678593092	4.93476515091575e-08	-0.0984767789648487	3.12239825551105e-05	-0.0907043556751597	
40	101	0.0603763065785867	-0.110241874531741	0.151124475348642	-0.0913968740177175	5.86780211670985e-11	-0.107600939488539	1.04741264032376e-07	-0.110754766821869	
20	108	0.023061413233976	-0.142451488951522	0.855088470879213	0.0105190294702771	3.69479253490933e-11	-0.0954824781221026	4.29841800588848e-07	-0.104282951426209	
95	110	0.0289170117520254	-0.113082085019213	0.182302351760768	-0.0812665128476122	1.68254254666401e-09	-0.0839762894978615	8.49568916456847e-06	-0.0899814118680871	
50	92	0.0153917973553272	-0.125226412593956	0.0765537805057404	-0.113281110258976	1.37918074481589e-10	-0.100970727983121	2.20104580317154e-05	-0.0959575619571883	
5	122	0.014224794685303	-0.116698370681077	0.153154260761682	-0.0815228727659341	2.21059950799952e-12	-0.105663827517683	1.86837083522311e-08	-0.109677452508562	
90	114	0.0549437789103279	-0.097405814293823	0.0126590080380764	-0.156474133214118	3.94669393087427e-07	-0.0772973218869442	3.59448547788034e-05	-0.0804877221316381	
45	102	0.00777618011183577	-0.12954709859955	0.0729938281463471	-0.106091089547073	3.13830461513044e-17	-0.138184349486233	1.25475200517776e-09	-0.131619116479713	
15	112	0.0299867530404719	-0.129411366564784	0.0161040324357025	-0.12412681416722	1.77778407526298e-09	-0.0843726057223139	1.40529907792324e-06	-0.0974622811183105	
65	89	0.0895092664857729	-0.0878952157252905	5.15385338040186e-05	-0.227143906310775	8.61908702585222e-11	-0.107680877552691	6.37732431652052e-06	-0.102862061614546	
70	110	0.0763184238709846	-0.0869900820876267	0.620529492896099	0.0280505741317581	2.17218744135719e-07	-0.0755541242250264	6.10066120110087e-05	-0.0819872345523959	
