"simNum"	"IVsNum"	"P_largestGroup"	"eff_largestGroup"	"eff_mean_minClass"	"sd_minClass"	"P_minClass"	"P_minClass_mean"	"eff_mean_maxClass"	"sd_maxClass"	"P_maxClass"	"P_maxClass_mean"	"corTest_1"	"result_1.chi2"	"CHVP_test"	"correct_factor"	"AIC_1"	"gamma_1"	"prop_1"
"5"	105	1.23372896857832e-05	-0.0869357310678926	-0.109079338132637	0.0245824641066153	7.21934212863776e-06	2.27185933363618e-05	-0.0903394828067259	0.0189313768238314	1.23372896857832e-05	5.98073778431018e-06	0.159488661595813	NA	0.545857480198349	1.34717338393976	-675.67848147508	"-0.116166609664227_-0.0869357310678926"	"0.499658683362006_0.500341316637994"	NA
"2"	115	5.73495621073936e-05	-0.09189759831172	-0.1083355156325	0.0292800970203701	0.00216144942598998	0.000333505376563407	-0.0829858214651993	0.0219834033374037	5.73495621073936e-05	0.000255794334916405	0.999980778548679	NA	0.48871918377227	1.31541815609204	-709.158752010189	"-0.0918982269246925_-0.09189759831172"	"0.499999999999964_0.500000000000036"	NA
"4"	111	0.000250714387005251	-0.0795622550492884	-0.0900500515151561	0.0239680821180078	0.00122188822381921	0.000276819681665523	-0.0728738520984456	0.0210203272984294	0.000250714387005251	0.000752359044180257	0.999616555464864	NA	0.59003891789768	1.40438267728982	-715.250796160158	"-0.0795729465040095_-0.0795622550492884"	"0.499999999999909_0.500000000000091"	NA
"3"	100	3.30615765074504e-05	-0.0961167808889008	-0.106828255278927	0.0207253212151093	1.077931413781e-05	1.30262016175069e-06	-0.0845455775372129	0.0220935454196313	3.30615765074504e-05	0.000227529835001262	0.999870797024929	NA	0.461990778276406	1.37448450815173	-615.229570676285	"-0.0961213331901937_-0.0961167808889008"	"0.49999999999974_0.500000000000259"	NA
"1"	111	4.34227543200946e-05	-0.133954012221775	-0.134179084469161	0.0314511609872518	4.34227543200946e-05	4.22459583043289e-05	-0.041405981495378	0.0376911867987214	0.370196803132946	0.274359303020512	7.50094011148228e-06	NA	0.0587756086860436	1.38745354788109	-688.306133814257	"-0.133954012221775_-0.0339142101779978"	"0.503124654673923_0.496875345326077"	NA
"6"	112	1.98726448695888e-09	-0.175506415980676	-0.165046184685824	0.0268510525301386	1.98726448695888e-09	1.27090754068736e-08	-0.0350842528445377	0.0272929001483159	0.265520088055146	0.201302972849943	1.33604238783391e-11	NA	0.000687718519219023	1.99520577862772	-716.796318678988	"-0.175506415980676_-0.03054305241514"	"0.500250052642477_0.499749947357523"	NA
"8"	98	0.0672706779437976	-0.0625696943922195	-0.13393135016096	0.0395602761978962	0.00272328686279074	0.00102696848747935	-0.0526218032591431	0.033810508281473	0.0672706779437976	0.122875955494185	0.0232426338830853	NA	0.118183897873079	1.27295321608533	-605.220135439032	"-0.121701216640049_-0.0625696943922195"	"0.498279937025871_0.501720062974129"	NA
"7"	117	0.00434855243954628	-0.0816112506999145	-0.104701228666386	0.0361996693824203	0.0260242634203279	0.0045676805848243	-0.0654221062948114	0.0280560132987204	0.00434855243954628	0.0214345179720576	0.999672071446811	NA	0.391091312195718	1.57785980190577	-702.585763306063	"-0.0816219259321448_-0.0816112506999145"	"0.49999999999963_0.50000000000037"	NA
"11"	101	5.83210159178272e-05	-0.103932023564483	-0.105554075021991	0.0247536514128025	5.83210159178272e-05	4.55597094265884e-05	-0.093416940305991	0.0286165870468585	0.000446137036301181	0.00150212365167124	0.999910930291612	NA	0.748382653067253	1.57947118441376	-604.349419833539	"-0.103932023564483_-0.103928548118918"	"0.500000000000029_0.499999999999972"	NA
"12"	119	3.04285042641085e-09	-0.092165103153522	-0.0855999030096955	0.0143673715800847	3.04285042641085e-09	2.7093759268767e-08	-0.0454338285732621	0.0367583407434892	0.316906186037715	0.218908133718191	0.0194181666007855	NA	0.308807106165497	1.81911211968681	-734.001727344768	"-0.092165103153522_-0.0369457436708202"	"0.54388120878396_0.45611879121604"	NA
"9"	115	0.000700409999817371	-0.0969794692437155	-0.0867764339194435	0.0278309856020239	0.000700409999817371	0.00230550482069783	-0.0343066491802726	0.0357156523064197	0.469476264245352	0.338811668555221	0.00124765152513229	NA	0.246531525878149	1.47969688764606	-723.780189530781	"-0.0969794692437155_-0.0259208149471837"	"0.502226577236072_0.497773422763927"	NA
"10"	109	0.501239543563693	-0.0206386586398607	-0.126638680207849	0.0326635235848867	2.96935334509224e-05	0.000181915530637787	-0.0410772894887268	0.0305844711714851	0.501239543563693	0.182062809894117	1.7799214990788e-08	NA	0.05586282535446	1.60666740050758	-682.841838014629	"-0.142443606290354_-0.0206386586398607"	"0.499561251825933_0.500438748174067"	NA
"13"	92	2.2838751353346e-07	-0.0873360559265113	-0.0883232737187049	0.015604214851007	2.2838751353346e-07	1.74020871322022e-07	-0.0866592281952076	0.0161911828945921	5.41727256141016e-07	6.45358377411432e-07	0.999886464619741	NA	0.941008998554633	2.01435279429381	-590.052352354081	"-0.0873360559265113_-0.0873325279415236"	"0.500000000000092_0.499999999999908"	NA
"14"	100	8.33422690195023e-07	-0.101358288222883	-0.105616164394159	0.0192691032106958	8.33422690195023e-07	3.22841359283659e-07	-0.0913996323813332	0.02997323706774	0.00103306365619906	0.00294197824578502	0.99994927536503	NA	0.68991259077745	1.38617664775931	-599.478057312756	"-0.101358288222883_-0.101356267919879"	"0.500000000000055_0.499999999999945"	NA
"16"	116	1.30163378534617e-07	-0.104266034181294	-0.11073508750604	0.0198586892587732	7.0100995371994e-07	1.65075383924707e-07	-0.101503820108037	0.0185243707585271	1.30163378534617e-07	2.55051268893906e-07	0.999378248860388	NA	0.733918097432815	1.46858422257119	-750.180576151357	"-0.104281792125745_-0.104266034181294"	"0.499999999999848_0.500000000000152"	NA
"15"	117	6.66566847176906e-07	-0.135184316995563	-0.120376929869569	0.025700174573185	6.66566847176906e-07	7.71026548941385e-06	-0.0455346794935743	0.0387610226204827	0.508110550256057	0.242498889606791	3.25493356934103e-07	NA	0.107558845904718	1.65753691869821	-741.081248510981	"-0.135184316995563_-0.0257310831773715"	"0.509329539943667_0.490670460056333"	NA
"17"	102	0.0574874098710879	-0.0798570677308584	-0.110961842322975	0.0415597272825013	0.0574874098710879	0.00884223518544924	-0.0504149695962209	0.0362658811250369	0.0300100138003041	0.167539807365009	0.999035786281796	NA	0.272337599597713	1.29951682027345	-611.525537457081	"-0.0798570677308584_-0.0798228150506448"	"0.500000000000001_0.499999999999999"	NA
"18"	101	0.697633312760958	0.0130994734895182	-0.117174921295839	0.0334245210909219	0.000100062623919805	0.000683390060852132	-0.0127844749997182	0.0336196553934291	0.697633312760958	0.704553084078889	2.43558062607008e-10	NA	0.0276669067987425	0.966870165999673	-627.359895275178	"-0.135475136267928_0.0130994734895182"	"0.499674194360343_0.500325805639657"	NA
"19"	106	0.0200543504787486	-0.0866222823486634	-0.106198353378451	0.0366837402315558	0.0200543504787486	0.00461328988593426	-0.0740938186194669	0.0171209604543796	1.7996765998489e-06	3.44863995692931e-05	0.999854579366879	NA	0.427749072660899	1.38524995073079	-662.127186078579	"-0.0866222823486634_-0.0866173165949848"	"0.500000000000142_0.499999999999859"	NA
"20"	110	0.00399142842187561	-0.0881873115017322	-0.11050857790219	0.0286161136142713	0.00260211686544934	0.000191351881327188	-0.0668079526362181	0.0299814980408628	0.00399142842187561	0.0279129650344418	0.999530988189809	NA	0.291700410281027	1.21589651607754	-685.966396410774	"-0.0882016342056417_-0.0881873115017322"	"0.499999999999953_0.500000000000047"	NA
"22"	120	4.35005344878203e-06	-0.0753752544564853	-0.0790834822140516	0.013557313092223	1.68147059540634e-07	4.77854795751063e-08	-0.0742588749336314	0.0156503943700916	4.35005344878203e-06	5.85735247370671e-06	0.99989143258394	NA	0.815756705362932	1.31019744687764	-751.208366039884	"-0.0753789295732832_-0.0753752544564853"	"0.499999999999909_0.500000000000091"	NA
"21"	109	1.03655144257819e-08	-0.152540461909651	-0.148832601302941	0.0245879858927035	1.03655144257819e-08	2.0932160275145e-08	-0.0725984201389694	0.0330275990082209	0.0426590542117608	0.0300751684903704	9.18383654062715e-05	NA	0.0641031436855186	1.41635628311384	-703.802190187544	"-0.152540461909651_-0.0677489981446386"	"0.500850853982378_0.499149146017622"	NA
"23"	101	0.000683127959473083	-0.0690141583473495	-0.112898992831697	0.0327278663782131	0.00115104320667607	0.000823307363488463	-0.065117124988226	0.0196858649015695	0.000683127959473083	0.00130739819671778	0.131451811241827	NA	0.210902126224745	1.37451124661476	-615.198345091663	"-0.109549044217635_-0.0690141583473495"	"0.475629405858212_0.524370594141788"	NA
"24"	107	0.00598664602557424	-0.105544795785978	-0.134288618585441	0.0376270867632449	0.00598664602557424	0.000539996972961572	-0.0870300146848657	0.0236080897110005	1.96356772964827e-05	0.00036038643630677	0.999862659658514	NA	0.287372696681013	1.17976684248257	-673.759694416157	"-0.105544795785978_-0.105540576066992"	"0.500000000000239_0.499999999999761"	NA
"25"	110	8.62693697871753e-12	-0.0987136808081571	-0.0981300165539442	0.0129072072249678	8.62693697871753e-12	1.08420870407328e-11	-0.0960444137768385	0.0139643078552977	1.56516602228498e-10	3.99408317598347e-10	0.999691359458249	NA	0.912664923069747	1.61440877368607	-714.206994204437	"-0.0987136808081571_-0.0987056641924614"	"0.500000000000171_0.499999999999829"	NA
"26"	116	0.25399281846482	-0.034507764563569	-0.106636204204869	0.0352156928529084	0.00191754488977577	0.00303871462841244	-0.0369384902351327	0.0300999217235609	0.25399281846482	0.222255416475777	0.00026651286574797	NA	0.132455994447141	0.891119326395027	-715.624873912958	"-0.111842707884681_-0.034507764563569"	"0.499916829328544_0.500083170671456"	NA
"28"	111	4.84692841805826e-07	-0.114183601914135	-0.120341743558769	0.0213442422635138	4.84692841805826e-07	1.34506509222432e-07	-0.110976771628455	0.0230806587383508	2.73072828029483e-06	4.86367178828807e-06	0.999746361030383	NA	0.765783147288561	1.30183614638621	-706.854498741821	"-0.114183601914135_-0.11417594737907"	"0.500000000000213_0.499999999999787"	NA
"27"	113	2.37354864015953e-05	-0.101094382098815	-0.105159929670606	0.0246428655131935	7.77771226055881e-05	4.15585602747657e-05	-0.0915919227748074	0.0229173506696461	2.37354864015953e-05	0.000115419442451527	0.999844901973142	NA	0.68681402698326	1.41984886507096	-694.148628775086	"-0.101099912844173_-0.101094382098815"	"0.499999999999899_0.500000000000101"	NA
"30"	104	5.46601073216382e-09	-0.15387395025811	-0.147456444650585	0.0241700128126688	5.46601073216382e-09	1.87127410636117e-08	-0.0336443764006024	0.0340671788660594	0.513371237891665	0.325668203132114	2.04154915195431e-10	NA	0.00643580996679617	1.15671199639999	-656.168334056801	"-0.15387395025811_-0.0223435846681494"	"0.503538606909502_0.496461393090498"	NA
"29"	119	0.00112490356542579	-0.0965909318498964	-0.112831488787483	0.0249676943080062	0.000179374027846162	1.48471267423308e-05	-0.0797987513535929	0.0289262837191327	0.00112490356542579	0.00672861958891345	0.999451770285127	NA	0.387328648409815	1.30435760419187	-755.436758742725	"-0.0966059712957796_-0.0965909318498964"	"0.499999999999465_0.500000000000535"	NA
"31"	106	2.43076339678716e-07	-0.11020213095522	-0.108467389829927	0.0199525758674571	2.43076339678716e-07	3.56126719192124e-07	-0.0739065611641454	0.0255288913942102	0.00454277155177609	0.00461266777439328	0.122876540864216	NA	0.286126799159028	1.4861506541124	-664.636064385246	"-0.11020213095522_-0.0740387661360211"	"0.508569016745976_0.491430983254024"	NA
"32"	105	9.73063592885822e-05	-0.0776920376037552	-0.101459418062496	0.0228877403581782	1.96290812437915e-05	2.31089322130959e-05	-0.0767317137924132	0.0191630605620102	9.73063592885822e-05	0.000116990122653108	0.254421125110842	NA	0.407457592218803	1.8242462026289	-677.190213906743	"-0.102414588576119_-0.0776920376037552"	"0.499850769564242_0.500149230435758"	NA
"33"	117	1.8682350512408e-07	-0.0885854932473941	-0.0962172048380466	0.0159737807738351	1.8682350512408e-07	2.06131941136769e-08	-0.0823286835064322	0.0218234043423614	8.98633527949952e-05	0.00025609957926318	0.999671217803511	NA	0.607575679431884	1.71089242231179	-740.429862338088	"-0.0885854932473941_-0.0885763567550051"	"0.500000000000438_0.499999999999563"	NA
"34"	110	0.000797039056909926	-0.0692286187403178	-0.136093540795356	0.0306704358436614	8.36125063336207e-06	2.18793231816977e-05	-0.0733457139364816	0.0200634657245218	0.000797039056909926	0.000396418799225884	0.00131898064726865	NA	0.0868809554562344	1.2270778810043	-703.912264439791	"-0.143478445837819_-0.0692286187403178"	"0.494282109708115_0.505717890291885"	NA
"36"	123	6.45718797611261e-05	-0.0979611065812259	-0.115117577894444	0.027019830850402	0.000420997231117773	4.03777205207048e-05	-0.0814011834877407	0.023669405732317	6.45718797611261e-05	0.000799338875283806	0.999431300839339	NA	0.34792149706872	1.30115167397916	-776.519564081358	"-0.097976944310522_-0.0979611065812259"	"0.499999999999659_0.500000000000341"	NA
"35"	109	0.000565190749225416	-0.0839567080991682	-0.0976760115216824	0.0236266691071942	0.000565190749225416	7.06248183724033e-05	-0.0618944104305175	0.0306964769873637	0.00731985629820935	0.046246924329381	0.998612971959295	NA	0.355629448964676	1.42485360760215	-677.179168396839	"-0.0839567080991682_-0.0839151971613436"	"0.500000000000388_0.499999999999612"	NA
"37"	99	0.000110796008466701	-0.0998662752987002	-0.105029861005703	0.0247885820290575	0.000110796008466701	5.12289498643836e-05	-0.0272779488345241	0.0306413555563455	0.3909699978407	0.375520994384687	0.00753910411476455	NA	0.0485229839544874	1.7316715524508	-604.676077260535	"-0.0998662752987002_-0.0264028841231704"	"0.528819928971346_0.471180071028654"	NA
"38"	101	0.00346975247120535	-0.0882396039267764	-0.11344952849652	0.0294719647566988	0.00346975247120535	0.000208863342003156	-0.0578325891412999	0.0414758329241563	0.0358594130091147	0.166296584511486	0.999688846856567	NA	0.274356010070216	1.40359705982239	-611.650179541838	"-0.0882396039267764_-0.0882292212058827"	"0.500000000000089_0.499999999999911"	NA
"39"	113	0.000367786856090353	-0.062553993495445	-0.0654341221896454	0.0163936174147888	0.000222477577749911	0.000117647545363007	-0.0580433738003517	0.0170257521176108	0.000367786856090353	0.000906628194098897	0.999744012557878	NA	0.75450881263378	1.54964925147332	-732.834791320207	"-0.0625613869260022_-0.062553993495445"	"0.499999999999756_0.500000000000244"	NA
"40"	94	0.00680883685873894	-0.0996849667738576	-0.118672882154725	0.0360149142069646	0.00680883685873894	0.00139324225282589	-0.0811244734539257	0.0341789983934126	0.0044366405276082	0.0196765316877148	0.999952743123574	NA	0.449506417195695	1.47583047580333	-557.47572051656	"-0.0996849667738576_-0.0996830327784272"	"0.500000000000043_0.499999999999957"	NA
"41"	82	0.00335510987916394	-0.0976004095905243	-0.113464599776897	0.0318500276630265	0.00296150167550518	0.000618899189464733	-0.0821373717751953	0.032290768789588	0.00335510987916394	0.0128706107876901	0.99994560665206	NA	0.489751181775811	1.61462111841923	-496.089506236767	"-0.0976028355593478_-0.0976004095905243"	"0.499999999999993_0.500000000000007"	NA
"42"	117	0.00432440932913968	-0.0757357161550449	-0.0913064140602392	0.0260194239560265	0.00432440932913968	0.000640799053290647	-0.0594077865258819	0.0274493602621847	0.00674430336307244	0.0324934074395365	0.999666727175646	NA	0.399007117691888	1.7789652158183	-720.622702464546	"-0.0757357161550449_-0.0757255349656544"	"0.500000000000174_0.499999999999826"	NA
"43"	98	0.0195749314053134	-0.059696382333736	-0.107050579929214	0.0281642360996034	8.65321490643343e-05	0.000251759431823071	-0.0668335973061084	0.0251477664312733	0.0195749314053134	0.00920366411441619	0.0122621117535553	NA	0.28681400818035	1.24759844858456	-631.248043429558	"-0.115417023909587_-0.059696382333736"	"0.498231636378657_0.501768363621343"	NA
"44"	96	0.00054654705746054	-0.0908804724429615	-0.101702589796175	0.02539728732402	0.00054654705746054	0.000123341987595791	-0.0836698879841937	0.0209663638801416	3.63212186332029e-05	0.000129643103412525	0.999906220193032	NA	0.584000849679352	1.37070046224538	-596.873507264187	"-0.0908804724429615_-0.0908774253472644"	"0.500000000000143_0.499999999999857"	NA
"46"	111	1.56304168426699e-05	-0.0749139636404407	-0.0782888458255368	0.0152042622788933	2.95768363327733e-06	1.15662366705019e-06	-0.0728649855502454	0.0165722980951918	1.56304168426699e-05	2.54657870365916e-05	0.999658369540351	NA	0.809427138800071	1.40771203551158	-727.030770751567	"-0.0749233470030088_-0.0749139636404407"	"0.499999999999859_0.500000000000141"	NA
"45"	115	0.0261128076983253	-0.051500183343793	-0.111456944974188	0.0288005698828826	6.00577923515485e-05	0.000181809030734629	-0.0606578603189925	0.0228491882937072	0.0261128076983253	0.00907285756518686	0.00168540424650265	NA	0.1670396492083	1.14977199950582	-732.529005040603	"-0.120046448144937_-0.051500183343793"	"0.498218199396189_0.501781800603811"	NA
"47"	123	0.590855555546152	-0.0177224682707401	-0.130339211493162	0.0365684017976297	0.000164554446064446	0.000521803943863458	-0.0289247233451984	0.0328790753907876	0.590855555546152	0.380734926950443	3.21058069019386e-09	NA	0.0391815665198713	1.62967884270252	-764.939508741452	"-0.142203241380751_-0.0177224682707401"	"0.498474733790049_0.501525266209951"	NA
"48"	96	0.00219350124780988	-0.0746780569135767	-0.140847711617712	0.0292164433526332	4.58963354552793e-06	5.41950870000281e-06	-0.0810988296454998	0.0237186330906286	0.00219350124780988	0.000926820664074329	0.0101611941193873	NA	0.11235170203001	1.68395117940767	-609.86445474523	"-0.142051323073321_-0.0746780569135767"	"0.483043968419542_0.516956031580458"	NA
"49"	111	0.00129186581978112	-0.0834981115259431	-0.0772298015070508	0.0252809906567095	0.00129186581978112	0.00282528429139722	0.0184593281486123	0.0364594733359837	0.515933803330187	0.613661300560358	1.80576845187908e-06	NA	0.0310237058061154	1.15424878573777	-698.903073366331	"-0.0834981115259431_0.0237617868232975"	"0.500640013439395_0.499359986560605"	NA
"50"	102	0.414978567454934	-0.0250952325767222	-0.156302309959527	0.0333340564364065	2.66857512233519e-06	8.61773523759555e-06	-0.0358333911689502	0.03065869878549	0.414978567454934	0.245241961418671	2.793596465267e-10	NA	0.00781429863998971	1.47908293184826	-635.640190763857	"-0.165884414817592_-0.0250952325767222"	"0.499388417263597_0.500611582736403"	NA
"51"	105	0.000561624442574452	-0.125986030209814	-0.139277873401604	0.0353941152531957	0.000561624442574452	0.000150456687887444	-0.0679947693328113	0.0375155972342749	0.0364188388656618	0.0728033751765282	0.0519811333858189	NA	0.166947860431498	1.47506366084672	-651.637252498068	"-0.125986030209814_-0.0795183754196941"	"0.500095946907806_0.499904053092194"	NA
"52"	97	5.52466950143476e-07	-0.104912389310795	-0.10816758380111	0.0195437791063417	5.52466950143476e-07	2.70288894138026e-07	-0.0832594267378101	0.0208588174978106	7.94712985882103e-05	0.000128401141439953	0.420185324301876	NA	0.383535963954511	1.68262740839573	-620.666550908979	"-0.104912389310795_-0.0860007836046986"	"0.504542958756703_0.495457041243297"	NA
"53"	97	0.000173187892781555	-0.0931445498422119	-0.0859282766911097	0.0238328914193653	0.000173187892781555	0.000496527087227444	-0.0402086769574964	0.0309683481477065	0.265981854861552	0.19726732580772	0.00997917606426624	NA	0.242011162647719	1.60898282869381	-616.584480844929	"-0.0931445498422119_-0.0346499621790975"	"0.501163342497089_0.498836657502911"	NA
"54"	106	0.00118481727975963	-0.085316176335455	-0.09957082490926	0.0255923400598985	0.00118481727975963	0.000175727003076848	-0.0697070580935152	0.0278174121660365	0.002804424703429	0.0137497455660689	0.993139732636146	NA	0.429490185201679	1.24727610210051	-687.147559808109	"-0.085316176335455_-0.0851385698763869"	"0.500000000005594_0.499999999994406"	NA
"55"	96	8.79042149367776e-06	-0.10329741503731	-0.110588266047537	0.0219788360198776	8.79042149367776e-06	2.29784617459225e-06	-0.0986240151057306	0.0199476909784714	1.25200435942239e-06	3.28822573612258e-06	0.999713973255534	NA	0.686881633611319	1.43084210478268	-628.47303346414	"-0.10329741503731_-0.103289257170292"	"0.500000000000068_0.499999999999932"	NA
"56"	111	1.40081343290602e-07	-0.0727702894425631	-0.0776569374135159	0.013821341378636	6.99702054207925e-07	1.46844866981813e-07	-0.0750601178578646	0.0129274897526812	1.40081343290602e-07	6.27570957381495e-08	0.999783565322259	NA	0.8908588500872	1.18159189983981	-738.094535541416	"-0.0727761822146986_-0.0727702894425631"	"0.499999999999765_0.500000000000235"	NA
"58"	124	1.11292068745983e-06	-0.0917328633534947	-0.142088542568219	0.0287226550183375	3.16122629668136e-07	2.41909826559448e-06	-0.0962237435896146	0.0178943635326417	1.11292068745983e-06	3.65806651110293e-07	0.00116630783999128	NA	0.175318470676082	1.27081440527815	-805.027646578801	"-0.155382467848187_-0.0917328633534947"	"0.492920210140223_0.507079789859777"	NA
"57"	111	0.000338594489808176	-0.0710611814223666	-0.0802901205951533	0.0192065322244311	0.000338594489808176	5.8640482418208e-05	-0.0609762611588922	0.018557169808142	0.000290761261612724	0.00136465222675275	0.95580062050806	NA	0.469570431923361	1.4381780712377	-727.246002141628	"-0.0710611814223666_-0.0694627172530446"	"0.50154184524127_0.49845815475873"	NA
"59"	87	0.34680497727492	-0.0341370608932856	-0.11194669964674	0.0278815473025095	4.70614167051182e-05	0.000126634127154753	-0.0460360184570125	0.0360861367270988	0.34680497727492	0.205487467001348	0.000787476362166473	NA	0.148365281862613	1.04344032085094	-553.2238129323	"-0.119535661961891_-0.0341370608932856"	"0.499969653993718_0.500030346006282"	NA
"61"	99	3.19983491987463e-08	-0.113320723421326	-0.120667539071671	0.01886056789281	3.19983491987463e-08	5.41228228154862e-09	-0.106420650767419	0.0238881577159583	7.14531945937771e-06	2.22973636933941e-05	0.999728779092685	NA	0.639720566476679	1.73704793509895	-619.015828117164	"-0.113320723421326_-0.113312622537755"	"0.500000000000091_0.499999999999909"	NA
"62"	111	5.10439553292171e-08	-0.115917606634294	-0.118645642973662	0.0172394674002548	8.20187439535749e-10	3.79377371720951e-10	-0.113269603310601	0.0198102706400699	5.10439553292171e-08	9.38845171251816e-08	0.999724074633185	NA	0.83779492218515	1.61064104769479	-721.955190595743	"-0.115925361306062_-0.115917606634294"	"0.49999999999984_0.50000000000016"	NA
"60"	126	7.38557160031035e-06	-0.0959794239276244	-0.120831355162742	0.0233100763969886	2.10006541817408e-06	8.48918638863951e-07	-0.0901163814016889	0.02051487610727	7.38557160031035e-06	2.36092683483258e-05	0.392905019382562	NA	0.322589790973311	2.20064418351332	-792.797882546395	"-0.115989695769971_-0.0959794239276244"	"0.498256661978143_0.501743338021857"	NA
"65"	106	2.775280915175e-05	-0.104147372947628	-0.116757806583316	0.0285844303433322	0.000419177528518362	8.64460147462708e-05	-0.0936198779855127	0.0237568890010585	2.775280915175e-05	0.000146624590760485	0.9995332888974	NA	0.533598018599385	1.28801338607949	-682.626072159621	"-0.104160482614243_-0.104147372947628"	"0.499999999999538_0.500000000000462"	NA
"64"	91	0.0130129602752549	-0.0895253213168533	-0.112182395951196	0.0353323902027737	0.0130129602752549	0.00205153568421231	-0.0600476418238365	0.0332028983578767	0.0132848017415351	0.0738673692329345	0.826439492009609	NA	0.282252741924995	1.29874710075132	-537.27675008191	"-0.0895253213168533_-0.0838711939751151"	"0.559556551065609_0.440443448934391"	NA
"63"	107	3.5841793539619e-07	-0.0771466078372328	-0.152389969703055	0.038435426719593	0.000268300807930179	0.0001336326225039	-0.0769587754482441	0.0142039328591047	3.5841793539619e-07	3.79788820655575e-07	0.0383928186460669	NA	0.0656417596472852	1.454778552543	-640.645635365623	"-0.144926476221064_-0.0771466078372328"	"0.440811016594521_0.559188983405479"	NA
"67"	100	3.67234841102994e-05	-0.0859395306960499	-0.0883981819520485	0.0153254725567173	1.85577797258179e-07	9.167998277478e-08	-0.0808798078816841	0.0198798898449885	3.67234841102994e-05	9.5208161022904e-05	0.999711270678322	NA	0.764543203252593	1.86691880430866	-661.372033265868	"-0.0859476387608071_-0.0859395306960499"	"0.499999999999694_0.500000000000306"	NA
"66"	113	3.64611884483443e-06	-0.0970236039540832	-0.105157077426987	0.0282496589232005	0.000832662073678967	0.000310434101327962	-0.089777903164938	0.0199101326226688	3.64611884483443e-06	1.61082068199448e-05	0.999800045698751	NA	0.656328774689019	1.21175535839526	-683.783046845645	"-0.0970300815772061_-0.0970236039540832"	"0.499999999999813_0.500000000000187"	NA
"68"	106	1.65805739524665e-10	-0.1419547883514	-0.141102632172363	0.020037658925178	1.65805739524665e-10	2.04039054197043e-10	-0.0643019336792254	0.0302473439141882	0.0498281046242384	0.0358584361915057	0.00045319660829346	NA	0.0342810365767486	1.53260978088946	-673.268235254114	"-0.1419547883514_-0.0600207936223563"	"0.503153447857401_0.496846552142599"	NA
"71"	113	1.8570870137545e-08	-0.0885378709296745	-0.0939502759398599	0.0167124471549352	5.92039500700417e-07	1.40503733546576e-07	-0.0881655492329817	0.0146063650557889	1.8570870137545e-08	2.09217561270622e-08	0.99980347138598	NA	0.794383216891142	1.02197467459314	-729.80013790507	"-0.088543287111505_-0.0885378709296745"	"0.499999999999714_0.500000000000286"	NA
"70"	109	2.0575085892207e-05	-0.100823975523538	-0.100544295631242	0.0226327761625787	2.0575085892207e-05	2.15993363832986e-05	-0.0624342919651715	0.0255989090366845	0.0113486865091271	0.016359819485266	0.0974908647538015	NA	0.264710710584085	1.87883619882832	-702.100850078712	"-0.100823975523538_-0.0659405625481788"	"0.500203826904088_0.499796173095912"	NA
"73"	112	0.001973320149141	-0.0605666890770066	-0.0628696096052121	0.0191089583296853	0.001973320149141	0.00134288762517456	-0.0551851949812519	0.0183113467571295	0.00127007171986541	0.00319780932290941	0.999789941893488	NA	0.771549513853563	0.969105640520395	-719.049664600488	"-0.0605666890770066_-0.06056041338179"	"0.500000000000193_0.499999999999807"	NA
"69"	130	1.71465894696513e-12	-0.127687194741102	-0.130496357777082	0.0163441840427987	1.71465894696513e-12	6.77177054744118e-13	-0.0928885696036009	0.0322270654300429	0.00528080634721128	0.00462583769697145	0.0883593945657546	NA	0.297983811215366	1.47457094079137	-795.983594481988	"-0.127687194741102_-0.0914479354236221"	"0.517555326574969_0.482444673425031"	NA
"72"	117	2.49931467281987e-07	-0.112396181058064	-0.105509061969072	0.0205063627924654	2.49931467281987e-07	1.10015869501678e-06	-0.0543903407436264	0.0280982733385447	0.0720966316711635	0.0553357019254449	0.00274794376580845	NA	0.14168491462079	1.34871234623243	-747.818530156743	"-0.112396181058064_-0.0510003708206489"	"0.503239157994132_0.496760842005868"	NA
"74"	110	0.99771760014984	-9.71814822896153e-05	-0.149725768951345	0.035191613936796	4.55533560562284e-06	4.44577682841979e-05	-0.0187351205554388	0.033894963889665	0.99771760014984	0.58157287352808	2.53130849614536e-14	NA	0.00734183369377343	1.20024722963488	-682.328527032659	"-0.169847273302153_-9.71814822896153e-05"	"0.497939911300842_0.502060088699158"	NA
"75"	102	0.000172635578220333	-0.10847824936988	-0.122226682006584	0.0278057118754125	0.000172635578220333	2.73369307262222e-05	-0.0906075550711484	0.0277551497474707	0.000169223859710006	0.00149727718855964	0.998507745136861	NA	0.420926810249264	1.52348101336339	-648.779249602298	"-0.10847824936988_-0.108435351227971"	"0.500000000001095_0.499999999998905"	NA
"76"	112	0.00191797050634528	-0.072270290931429	-0.0776648935352263	0.0227367987816338	0.00191797050634528	0.000889259638177459	-0.060256217798021	0.0236023846986433	0.00276609926932281	0.0120387102085868	0.999264088955524	NA	0.595281432870899	1.37338776123466	-721.020436599803	"-0.072270290931429_-0.0722495242369409"	"0.500000000000787_0.499999999999213"	NA
"78"	90	0.000234050599563648	-0.091528918275242	-0.101534009510332	0.0180558490313584	2.13238730241809e-06	2.13108412932112e-07	-0.0807531748846115	0.023866860056802	0.000234050599563648	0.00106581340838466	0.998415073406352	NA	0.487445061536717	1.22928320248817	-579.335203778625	"-0.0915756651930716_-0.091528918275242"	"0.499999999998232_0.500000000001768"	NA
"77"	114	0.000801385138129938	-0.0911185184116493	-0.106002983360313	0.026446814092002	0.000801385138129938	0.000110070734289692	-0.0746362982902996	0.0276138017487018	0.00129588741173413	0.00793567827578762	0.999841894610511	NA	0.412014148659447	1.0777241191479	-691.171515833749	"-0.0911185184116493_-0.0911127181497032"	"0.500000000000055_0.499999999999945"	NA
"79"	99	0.000319589364880723	-0.107846588615493	-0.103102062868612	0.0289042559060405	0.000319589364880723	0.000560561012634925	-0.0161957790784976	0.0369630398806119	0.824295378103142	0.662233555615286	1.50557556568565e-05	NA	0.0640081127123778	1.20952323607569	-627.35985142392	"-0.107846588615493_-0.00822867442491945"	"0.501113507391574_0.498886492608426"	NA
"80"	97	0.327227664443478	-0.0362773414463466	-0.104350854815457	0.036520167077803	0.00336662081371682	0.0052380985228982	-0.0355971214299093	0.0368395503024834	0.327227664443478	0.336334748126967	0.00186686620712728	NA	0.185035935325049	1.06348130727776	-609.64435723175	"-0.109820448922627_-0.0362773414463466"	"0.499898826884302_0.500101173115698"	NA
"81"	104	1.12468362565076e-05	-0.135797321253187	-0.13445173874475	0.0294085006247705	1.12468362565076e-05	1.34914572538025e-05	-0.0721635967182816	0.0325851709259956	0.0296832593353511	0.0289898372693489	0.00483347045479299	NA	0.155878823081631	1.88734576314126	-651.866413562926	"-0.135797321253187_-0.0718479759715983"	"0.500157510443428_0.499842489556572"	NA
"84"	107	0.000645458610746476	-0.0691615520761073	-0.0790134479463624	0.0190882186219706	0.000442118853031619	7.00672554405661e-05	-0.0651379149924572	0.0196690462276102	0.000645458610746476	0.00126865269140548	0.997070397809851	NA	0.612682998987367	1.29288095597266	-701.52890254149	"-0.0692399781680261_-0.0691615520761073"	"0.499999999998071_0.500000000001929"	NA
"82"	125	2.99884672562261e-06	-0.134935989572752	-0.133494788358663	0.02756787633456	2.99884672562261e-06	3.74404679551413e-06	-0.0653845613168685	0.0285167022945029	0.02368116482945	0.0235410707348448	0.000396892808732119	NA	0.0859420262557594	1.11510071390974	-800.245764674811	"-0.134935989572752_-0.0653175139333986"	"0.500189907571702_0.499810092428298"	NA
"83"	122	2.89267206522787e-08	-0.102758004790438	-0.108407671746691	0.0173179586490822	2.89267206522787e-08	6.07982049273361e-09	-0.0767681461853548	0.0192694085398267	7.1270419145861e-05	0.000116231587657349	0.256503521840672	NA	0.221999509938556	1.68410502623595	-760.036835553842	"-0.102758004790438_-0.0792748046428334"	"0.509492644014594_0.490507355985406"	NA
"85"	98	0.000141517474595266	-0.0842584176829436	-0.109499719273332	0.0226365130862856	8.31964842123326e-07	4.95057184084212e-06	-0.0897002524080919	0.0212618022062996	0.000141517474595266	5.525708379547e-05	0.110892459569155	NA	0.523772824284403	1.91000948114568	-629.492950637412	"-0.119245090644921_-0.0842584176829436"	"0.499381482961047_0.500618517038953"	NA
"86"	109	3.70255770692757e-06	-0.0600118161978099	-0.0625588275620485	0.0116135350083223	1.09357281056798e-06	4.23405758505363e-07	-0.0611723180384048	0.0123005891860404	3.70255770692757e-06	2.49731970775691e-06	0.999833802183485	NA	0.934678182336025	1.33154338731264	-714.584099353959	"-0.0600163707100955_-0.0600118161978099"	"0.49999999999977_0.50000000000023"	NA
"87"	109	3.04288242214331e-05	-0.0934366567978922	-0.102464326089349	0.0214568185403405	3.04288242214331e-05	5.67276590137677e-06	-0.0899822335638886	0.0182474449436203	1.34108533308664e-06	2.97613835618659e-06	0.999708878442164	NA	0.657657009594796	0.937987288356495	-703.418986487095	"-0.0934366567978922_-0.0934282763824986"	"0.500000000000231_0.499999999999769"	NA
"88"	93	9.75740343208087e-06	-0.0709529726677931	-0.0723316778541014	0.015153998327762	9.75740343208087e-06	6.80669052562854e-06	-0.0687112227843503	0.0157089171870583	1.86217531941371e-05	3.21050166258183e-05	0.999815881662157	NA	0.86825830221352	1.69064243358445	-611.360286553351	"-0.0709529726677931_-0.0709475331869972"	"0.500000000000281_0.499999999999719"	NA
"91"	92	1.31326742248263e-07	-0.106995674913626	-0.0999870688074091	0.0186878696669295	1.31326742248263e-07	6.50463456468046e-07	-0.0785365505431051	0.0282142228255469	0.0116401779200603	0.00653840972485109	0.129054714555876	NA	0.526182837730617	0.939456022066509	-578.103387622824	"-0.106995674913626_-0.0726489282509215"	"0.505089181151244_0.494910818848756"	NA
"90"	106	0.00145962476858406	-0.110431066591099	-0.122070131880525	0.028562980980574	0.000191636233377607	4.24116398855642e-05	-0.0933968689353325	0.0337812944249307	0.00145962476858406	0.00673027257217835	0.999754841746414	NA	0.516884086987086	1.38273178267457	-628.819374552412	"-0.110439370031091_-0.110431066591099"	"0.499999999999878_0.500000000000122"	NA
"89"	121	5.90319192119014e-05	-0.135516009336343	-0.149887477302863	0.0325394321250716	5.90319192119014e-05	1.02852606828099e-05	-0.0707798137799703	0.0326555807506902	0.00779716316316476	0.0321744921082499	0.0378535893983325	NA	0.0861611693158984	1.63691818197556	-751.159397939526	"-0.135516009336343_-0.088373512002586"	"0.50000941885214_0.49999058114786"	NA
"92"	105	0.00475966253115627	-0.0924377228944177	-0.111625818456099	0.0288873718213681	0.00181953507497761	0.000194195128099287	-0.0747669052134209	0.032041250499688	0.00475966253115627	0.0215478821454022	0.999504688303279	NA	0.392890079017985	1.25304854691397	-635.915206560993	"-0.0924545420681088_-0.0924377228944177"	"0.49999999999934_0.50000000000066"	NA
"93"	88	0.0120372345599295	-0.071024825021701	-0.0817876314345293	0.0246096959350433	0.00491613908376319	0.00130245284296319	-0.0632610629545949	0.0276918681546119	0.0120372345599295	0.0247779884446442	0.999871900012568	NA	0.617016307215078	1.72428237955168	-548.459366698862	"-0.0710292726544576_-0.071024825021701"	"0.499999999999997_0.500000000000003"	NA
"94"	110	6.31777043458219e-10	-0.140596044786423	-0.134472087545738	0.020724999418228	6.31777043458219e-10	2.63058241354691e-09	-0.0482196857345477	0.0330126164843734	0.208839154398629	0.146989661912937	5.1834739183132e-06	NA	0.0269118195959905	1.455596535839	-687.296948416633	"-0.140596044786423_-0.0417360083911562"	"0.504913683333059_0.495086316666941"	NA
"96"	108	2.06377635260434e-05	-0.0701976712714546	-0.070134264867338	0.0152011174496662	1.08390905787931e-05	1.10261458037899e-05	-0.0677250938778736	0.0157538323165557	2.06377635260434e-05	3.79859511990396e-05	0.999955258506016	NA	0.91237107732359	1.24785899850409	-693.798042654695	"-0.0701990694607075_-0.0701976712714546"	"0.499999999999981_0.500000000000019"	NA
"95"	111	9.71547934568464e-05	-0.0779737719529884	-0.0878699935566391	0.0192726318345032	9.71547934568464e-05	1.33833941547379e-05	-0.0556357518217803	0.0353687934344728	0.0295749059248854	0.118586584821522	0.999840652472568	NA	0.42355027971261	2.06871999077974	-696.482158421949	"-0.0779737719529884_-0.0779687776520971"	"0.500000000000069_0.499999999999931"	NA
"98"	111	5.12769971096255e-07	-0.134238685065728	-0.130839726355203	0.0251535776435355	5.12769971096255e-07	9.22651020644833e-07	-0.0427609807262235	0.031642696030097	0.249595176274049	0.179349749397381	9.0481956998012e-06	NA	0.0293343428819868	1.19582252440424	-696.594661467088	"-0.134238685065728_-0.0366248785580797"	"0.500509406872562_0.499490593127438"	NA
"97"	103	0.000148566087927498	-0.0913669090472711	-0.119320228249523	0.0226459162407248	4.17928674032817e-07	7.67956892196625e-07	-0.0954695198754446	0.0231807992508954	0.000148566087927498	7.76401431435841e-05	0.160459301037441	NA	0.461740852562636	1.53546734159848	-654.849941406431	"-0.122518354311309_-0.0913669090472711"	"0.499744356829841_0.500255643170159"	NA
"99"	117	9.8284046792294e-05	-0.0804950340741636	-0.0826991297317408	0.0207536629114749	0.000174675996052664	0.00011836795613392	-0.0764847641758868	0.0199500734436735	9.8284046792294e-05	0.000205528882308218	0.999924725991689	NA	0.829088847069381	1.75988868431143	-709.376483521399	"-0.0804977196298659_-0.0804950340741636"	"0.499999999999932_0.500000000000068"	NA
"100"	117	5.64800881663432e-09	-0.0857666759235129	-0.0871251646607034	0.0136231463676522	5.64800881663432e-09	3.49247078753882e-09	-0.0809039200516747	0.0161685236775175	5.48177854503068e-07	2.02100818606425e-06	0.999979572179448	NA	0.768566065033681	1.60120729879037	-736.199130067345	"-0.0857666759235129_-0.0857659966921979"	"0.500000000000016_0.499999999999984"	NA
