"simNum"	"IVsNum"	"P_largestGroup"	"eff_largestGroup"	"eff_mean_minClass"	"sd_minClass"	"P_minClass"	"P_minClass_mean"	"eff_mean_maxClass"	"sd_maxClass"	"P_maxClass"	"P_maxClass_mean"	"corTest_1"	"CHVP_test"	"correct_factor"	"CHVP_test_correct"	"AIC_1"	"gamma_1"	"prop_1"
"4"	103	0.000314743356532161	0.103917298199696	0.0633514477083638	0.0319280677432255	0.0428346880093196	0.0499209692947133	0.104569825840104	0.0278583912381896	0.000314743356532161	0.000289993031519891	0.0829638248593008	0.330679810677963	0.821444697051511	0.270734720755824	-649.847280833552	"0.065483093342302_0.103917298199696"	"0.499908710790377_0.500091289209623"
"5"	120	0.00113461951288697	0.0923929851230575	0.0371871820360947	0.0299564766452662	0.301350388685354	0.216909113687213	0.0842685166342063	0.0276966550052095	0.00113461951288697	0.00288696105759313	0.00168450373546225	0.248498334521973	0.939018340550166	0.231754989972136	-776.933909019766	"0.0310963876510496_0.0923929851230575"	"0.499890090125104_0.500109909874896"
"3"	102	0.0945334111764616	0.0594662558532958	0.0459184996311046	0.035232779202924	0.0945334111764616	0.195439267752054	0.123615388096016	0.0326718779495031	0.00104049706543119	0.000262306236438162	0.030277481309553	0.1058779447713	0.984273633288959	0.103666613169401	-626.095403205299	"0.0594662558532958_0.110343557006736"	"0.500465346021279_0.499534653978721"
"2"	116	5.79560840939926e-14	0.15934801325819	-0.0159177090233429	0.0354510166551167	0.648928470502805	0.654272530683004	0.157898660286321	0.018618677311066	5.79560840939926e-14	8.74996154629675e-14	7.105427357601e-15	1.41991170471794e-05	1.06424628733987	1.62620679927413e-05	-703.951755466577	"-0.0161815600701272_0.15934801325819"	"0.493305877158473_0.506694122841526"
"1"	129	0.687520089541401	-0.0128007344260257	0.0181581975129449	0.0317528218002913	0.687520089541401	0.568419117746032	0.152543638441754	0.0430277658043769	3.36988305500393e-05	0.000548563736904196	0	0.0119699939437748	1.0289841290331	0.0125580310654212	-790.227691826852	"-0.0128007344260257_0.184978092027462"	"0.503372450464208_0.496627549535792"
"6"	83	0.0804259828603499	0.0824533117205408	0.0528992749197683	0.0465809240503698	0.0804259828603499	0.259414614530197	0.166060371571337	0.0353031875171206	0.000176974991436183	1.02100545599193e-05	0.0442980166810876	0.0528531445153527	1.03360368157897	0.0554837376217812	-505.829865761288	"0.0824533117205408_0.138715876981633"	"0.50013900143049_0.49986099856951"
"9"	101	0.000349647125188145	0.0866664680818299	0.0800412292884563	0.0240973380369891	0.000503946687392107	0.00125071074751247	0.093354942654136	0.0234072492006492	0.000349647125188145	0.000126809193813723	0.999589912195013	0.691877830821034	0.983786714973634	0.685283973068454	-645.005837679409	"0.086654658943645_0.0866664680818299"	"0.499999999999998_0.500000000000002"
"8"	126	4.819135103527e-09	0.148413769660831	-0.019658466931595	0.0318329872331374	0.440826645289404	0.53799528810628	0.14240798586484	0.0235865725716724	4.819135103527e-09	1.65443163731279e-08	4.44089209850063e-16	4.30213932472634e-05	1.01927326659812	4.47842904334199e-05	-780.58450498659	"-0.0246152675918789_0.148413769660831"	"0.496210557646019_0.503789442353981"
"7"	114	0.00336931806055621	0.101011337220168	0.0715027011082995	0.0337227481099128	0.00336931806055621	0.036167513125785	0.129917266647677	0.0381975026559428	0.00929739171437749	0.000928324380937395	0.9976734902805	0.251618984625292	0.7663892527881	0.187318807474894	-699.004335579252	"0.101011337220168_0.101083266902258"	"0.500000000000073_0.499999999999927"
"10"	102	0.764615246731493	0.00847624685444137	0.0104316560409399	0.0282320720433518	0.764615246731493	0.712531133940792	0.119203689102415	0.0356598526911189	0.000965104492373366	0.0011641493570443	5.33425096405082e-06	0.016779500391852	0.75265881311722	0.0107263772993837	-634.784137286776	"0.00847624685444137_0.121254934149976"	"0.501871535419527_0.498128464580473"
"11"	116	3.05742438547024e-08	0.13163517806354	0.0586362555619379	0.0314962835638966	0.0954532530561312	0.0652002203059358	0.126671416119778	0.0221492041416007	3.05742438547024e-08	8.61751154271301e-08	0.000221275852336777	0.0772388520540425	0.698301117772315	0.0473672394039245	-757.44880415246	"0.0529490958145408_0.13163517806354"	"0.497841038416805_0.502158961583195"
"12"	100	9.31402685622296e-06	0.144074134506953	0.00919118400899855	0.035110028547739	0.976784629697009	0.794033170635884	0.136499166528617	0.0308207533859385	9.31402685622296e-06	2.44584914858033e-05	5.80890668899769e-10	0.00643029825422864	1.06745639568659	0.00721139645958941	-625.893592110224	"0.00102429639798263_0.144074134506953"	"0.499260658276474_0.500739341723526"
"13"	115	5.28900177962636e-07	0.101268978798311	0.0458086375888794	0.0298764273360994	0.183234305821297	0.127979850423688	0.0940890080291522	0.0190423297655921	5.28900177962636e-07	2.68914656253998e-06	0.00366464757273066	0.172965276621835	0.782387971197749	0.128548728305475	-728.297812374926	"0.0400045548403003_0.101268978798311"	"0.494934321767277_0.505065678232723"
"14"	111	0.773658625076752	0.00859875240604226	0.0158606129360663	0.029825572976754	0.773658625076752	0.595951420161545	0.0958899857077876	0.0378033176700186	0.00722981048376921	0.0125978811739894	8.75195053140487e-06	0.096512568870302	0.899844846240367	0.0837470102550103	-701.353814450046	"0.00859875240604226_0.103471714853267"	"0.500811046369791_0.499188953630209"
"15"	98	6.49792360811716e-05	0.115727844508307	0.0633535603137815	0.0332797818677038	0.0653117767530655	0.0599181223465047	0.113912396628996	0.0277164364514335	6.49792360811716e-05	8.28157181812328e-05	0.0196614913776485	0.24305916493389	0.937729707089272	0.226234704511135	-627.361289457952	"0.0620415775190478_0.115727844508307"	"0.49978321362456_0.50021678637544"
"16"	114	0.000740767009399442	0.0936491963060634	0.0522950708783623	0.0278612719679148	0.0687659667161369	0.0630998530248242	0.0941248096643646	0.0269975135661091	0.000740767009399442	0.000698110057468369	0.0399210910142047	0.280943617080199	0.858319630083235	0.238513777073566	-738.07389789053	"0.0511946144347601_0.0936491963060634"	"0.499953066581141_0.500046933418859"
"17"	114	1.16428031955973e-08	0.151862382247738	0.0107137167412049	0.0299815932353622	0.80749143305497	0.721501455659961	0.147725731281162	0.0246662924661273	1.16428031955973e-08	2.55853676656507e-08	5.49413847750202e-11	0.000417082071506104	1.09111510108862	0.00049633960154718	-717.907025048042	"0.00732256586477978_0.151862382247738"	"0.499036472289503_0.500963527710497"
"20"	97	0.00184769516300662	0.0775549426350631	0.0721972438438926	0.0238462888149369	0.00158154129646811	0.0031652686329208	0.0836755488563646	0.0242158267891884	0.00184769516300662	0.000819829215166348	0.999810309304815	0.735562328917324	0.809703397041597	0.652137138161081	-612.966916067399	"0.0775491341736205_0.0775549426350631"	"0.499999999999998_0.500000000000002"
"18"	102	0.707597723124171	-0.011167225691446	-0.00110423879274314	0.0296885837587409	0.707597723124171	0.970403694826045	0.140235482817205	0.0372975508515143	0.000116724267605046	0.000284992310765267	9.96278615161827e-11	0.00302778707718512	0.903348543339367	0.00252625102187523	-625.599239724184	"-0.011167225691446_0.149542278810566"	"0.501408005914177_0.498591994085823"
"19"	121	0.731094969495508	0.0118784427197791	0.0193923319268466	0.0344831319165081	0.731094969495508	0.574911944019954	0.135915080376878	0.0371799341614123	0.000191933730456973	0.000382023148439766	4.06385280982136e-09	0.0215699173153704	1.15718200433445	0.0273530535096365	-743.522321587135	"0.0118784427197791_0.143087793515899"	"0.500179276303982_0.499820723696018"
"21"	118	0.000551965265268517	0.0761768306971666	0.0640574728710162	0.0214458732460111	0.000551965265268517	0.00343337072579127	0.0884079881998892	0.0268290410458551	0.00531658859284887	0.00130185559395522	0.998953448123749	0.478352931561237	0.78237860184455	0.386935053779755	-752.991450559806	"0.0761768306971666_0.0762036493618827"	"0.50000000000002_0.49999999999998"
"22"	118	0.0574184611432804	-0.0476400854276987	-0.0403997950798482	0.0248252959274657	0.0574184611432804	0.106349950357094	0.168822423224629	0.0267814488106973	1.48850474064063e-09	5.32268277545819e-09	0	1.00822380498921e-08	1.34969769517841	2.19720367176567e-08	-719.775965751352	"-0.0476400854276987_0.175843179297784"	"0.501831482846012_0.498168517153988"
"23"	116	0.07068570469184	0.0667845276850287	0.0505680659295942	0.0366060232591396	0.07068570469184	0.169829879913806	0.105034499374757	0.0346137319794388	0.0103348149208457	0.00297982565783875	0.294224646602112	0.279644072245489	0.930322137084825	0.258848944434622	-731.398491269033	"0.0667845276850287_0.0902490882145009"	"0.500001800887542_0.499998199112458"
"25"	100	2.11507843720622e-09	0.191228075760865	-0.0189013254908159	0.0287476487965861	0.339243948167378	0.512390933887059	0.183649511008559	0.0290022086781038	2.11507843720622e-09	7.12385003548142e-09	0	7.04425242076009e-07	0.760027795187246	3.91704327940255e-07	-609.626771425379	"-0.027606357119997_0.191228075760865"	"0.498676490897403_0.501323509102597"
"26"	91	0.00587265712994161	0.0774593883938933	0.081409301320869	0.0274482161803145	0.00587265712994161	0.00386372805869972	0.127666441844673	0.0321002678338635	8.96439048376276e-05	0.00014076531854672	0.0170345220258779	0.273419746780987	0.859000475015199	0.232008682841217	-586.946151977661	"0.0774593883938933_0.131683818873205"	"0.500223680934697_0.499776319065303"
"24"	105	0.007609279806081	0.100424859859095	0.0556012833402351	0.0326889419250383	0.00510362713000712	0.0919462387874892	0.141094381337024	0.0368935801118433	0.007609279806081	0.000223827012374106	0.914932537191562	0.0828434677926221	0.913882385545528	0.0731931203029059	-641.859642918281	"0.100424859859095_0.0935275667960645"	"0.50097720841844_0.49902279158156"
"27"	95	7.45894948251229e-06	0.17623275740157	0.0387927895884586	0.0471837838024588	0.392725773217353	0.413064409975915	0.174899097196175	0.0371481957020022	7.45894948251229e-06	8.60283767722212e-06	6.44310868658238e-07	0.0234234269401132	0.737414113963658	0.0146828387126688	-568.7462873107	"0.0405136804060536_0.17623275740157"	"0.499446735042125_0.500553264957875"
"28"	97	0.426956538288	0.0261902647783074	0.040843911456025	0.0328281766574445	0.426956538288	0.216465340687692	0.159702700639779	0.0384221728511835	1.72532739244757e-05	7.02092791055024e-05	7.13034742361174e-10	0.0186761538220258	0.867060280504936	0.0148860813101146	-596.424158301745	"0.0261902647783074_0.173889070142643"	"0.500307605585462_0.499692394414538"
"31"	96	4.0107473719858e-05	0.126895763200748	0.0331106852845805	0.0349420510395304	0.495401428573589	0.345743182588075	0.116518801826009	0.0294541870603598	4.0107473719858e-05	0.000146905618762372	4.32432185792919e-06	0.0679828850439992	0.937140185641162	0.0620193116075688	-604.063346429857	"0.0239136415288081_0.126895763200748"	"0.499522551421663_0.500477448578338"
"30"	109	0.0158248423611904	0.0958658943894918	0.0578394737725677	0.0391031611569458	0.0158248423611904	0.142010915933066	0.135456493160698	0.0330324369629863	0.00447317277410685	8.00478602240753e-05	0.998414495594824	0.129439382530811	0.88320067891462	0.110395328511937	-670.807811500976	"0.0958658943894918_0.0959145893706478"	"0.500000000000098_0.499999999999902"
"29"	116	0.000828423069277988	0.133279394261379	-0.0290773958963351	0.0343866799983953	0.162348922067836	0.399531588888327	0.115424658570283	0.0388142386904856	0.000828423069277988	0.00358471213665166	0	0.00532590296788306	1.07331004690976	0.00603941621584061	-702.933855915957	"-0.0483559609417876_0.133279394261379"	"0.499638416341883_0.500361583658117"
"32"	128	2.19640176859703e-10	0.172161058072827	0.0157443200827614	0.0314233282753025	0.649416928309784	0.617210824890559	0.170029996361894	0.0249488605456552	2.19640176859703e-10	3.39705668935733e-10	2.63122856836162e-13	0.00012040584324913	1.07755966283087	0.000140541214849715	-783.458589270827	"0.0143181649735718_0.172161058072827"	"0.498180322690479_0.501819677309521"
"33"	106	2.59390517870845e-06	0.183071182316296	0.0505215570662662	0.0334837454572052	0.347931321309322	0.134343347356826	0.16285612132252	0.0368206366905366	2.59390517870845e-06	2.38391558455275e-05	7.07645053665829e-11	0.0239996935731367	1.17782855676981	0.0312606015133533	-661.843368893372	"0.0315695348480494_0.183071182316296"	"0.499797236409914_0.500202763590086"
"34"	97	9.95663425945945e-05	0.0962746331784293	0.0859947844600046	0.0245668513003978	0.00016733499014395	0.00070631174967135	0.106268987479232	0.0237038204085797	9.95663425945945e-05	2.0353698466928e-05	0.999118288082073	0.552585658433985	0.918144020571291	0.51773938487761	-634.812586914307	"0.0962496398935255_0.0962746331784293"	"0.499999999999994_0.500000000000006"
"36"	107	0.265121581551293	-0.0371369371412985	-0.0254003522093694	0.0331493626485728	0.265121581551293	0.445236811255004	0.163627472974287	0.0341051463799506	9.60638250152772e-07	5.2766159430128e-06	0	7.05463117789604e-05	1.28708160619502	0.000122300284803929	-643.333792280147	"-0.0371369371412985_0.177480234992774"	"0.503040145423495_0.496959854576505"
"35"	108	0.581805061760127	0.0136532094111797	0.0179576892791694	0.0247147653771753	0.581805061760127	0.469059071912905	0.113174458550138	0.0352047545739024	0.00107895506811997	0.00172637083135132	6.2505233917598e-06	0.0268543359176921	0.733904438120671	0.0167993181746742	-679.920375999803	"0.0136532094111797_0.118309435037971"	"0.503699631160043_0.496300368839957"
"37"	97	0.000751734525008967	0.0685604547254486	0.0619401128529183	0.0196919189605388	0.000751734525008967	0.00220796623982651	0.0747952039351506	0.020125380454869	0.000960528346462316	0.000339601624772838	0.999689258480623	0.647991293621585	0.642714743904958	0.47273708138328	-636.244529899119	"0.0685604547254486_0.0685696577603171"	"0.500000000000001_0.499999999999999"
"40"	100	0.933065578481796	0.00241430162118328	0.00925299542266739	0.0286726127590185	0.933065578481796	0.747593948612216	0.124306026986194	0.0369451550600058	0.000596847883568596	0.00109164128079997	1.01793946605255e-08	0.0138866217801372	0.732974070434712	0.00847529066419726	-627.850624825363	"0.00241430162118328_0.131051562959668"	"0.501595052392291_0.498404947607709"
"38"	128	0.279991086733875	0.0271502831180317	0.0304060161789108	0.025024039849023	0.279991086733875	0.226592683211164	0.13890182862113	0.0315903466592086	1.50952375179642e-05	2.29656504974617e-05	1.75384622380648e-08	0.00709925981823551	1.15200896114245	0.00911378897654583	-801.932579388094	"0.0271502831180317_0.142194986483937"	"0.500878455114198_0.499121544885802"
"41"	115	0.197404913849019	0.0344078641797517	0.0438983842495791	0.0265380448036766	0.197404913849019	0.10084432330137	0.205358707870402	0.0283113841700678	7.69740757358667e-12	5.26067865453697e-11	0	3.17068199351543e-05	0.77432692871939	1.89907656567941e-05	-716.73110210262	"0.0344078641797517_0.216040139034285"	"0.502252740038175_0.497747259961826"
"39"	106	0.617481011606631	-0.0164305983061362	0.00371620527216751	0.0328013205294557	0.617481011606631	0.910013505741467	0.115431630389245	0.0331936627901834	9.77055474528278e-05	0.000737568398733724	6.49182929635117e-11	0.016669406901126	1.08233921119611	0.0189921593725866	-656.397574610761	"-0.0164305983061362_0.134487587457556"	"0.500661318024249_0.499338681975751"
"42"	120	8.0470193489565e-16	0.16238519024566	0.00796519698991465	0.0309555924648941	0.748324091856325	0.797383534399651	0.161721448900998	0.0174411706474391	8.0470193489565e-16	9.89979174148703e-16	4.2632564145606e-12	1.50880970037016e-05	0.985994707805001	1.46394083623156e-05	-759.69804358369	"0.00995514871599486_0.16238519024566"	"0.4960593632063_0.503940636793699"
"44"	95	0.000257649885336615	0.143406569197158	0.0677764223449777	0.0383121886646253	0.147850628934285	0.0801279205935026	0.131447961339142	0.0377488564473295	0.000257649885336615	0.000756548437929604	0.000191781626413867	0.236483813250006	0.882832709859414	0.205536354001675	-603.684290575454	"0.0559041894517029_0.143406569197158"	"0.499765537327872_0.500234462672128"
"46"	104	0.00093099252894005	0.0767662824987097	0.0658196370849811	0.0247699349731704	0.00250944094436189	0.00913352163332839	0.0870560751914682	0.0225168752710733	0.00093099252894005	0.000193706525968238	0.999177672958822	0.525818789851354	0.929350414946072	0.496220744776261	-664.281620793153	"0.0767433374636288_0.0767662824987097"	"0.499999999999962_0.500000000000038"
"43"	108	0.0404188833416068	0.0668100965142528	0.0586351420637973	0.0322032056648502	0.0404188833416068	0.0714340778966711	0.113746003055801	0.0347756519541682	0.00333462632767615	0.00144329335574762	0.100334453573194	0.244922218217199	0.896474593988094	0.216837998665014	-679.184339809874	"0.0668100965142528_0.104410495586852"	"0.500031790282523_0.499968209717477"
"45"	116	0.921818769686379	-0.00384991459035851	0.00566954801361565	0.039141609477208	0.921818769686379	0.885085159507769	0.132756413898831	0.0330108977417658	3.45538530566054e-05	0.000103732501575099	1.36162192632128e-11	0.0130646524429056	0.771661575435827	0.00861513964915228	-714.283098337433	"-0.00384991459035851_0.142290599854103"	"0.50037956750592_0.49962043249408"
"47"	89	0.000332518039796602	0.127892464161055	-0.0116391000575601	0.0459426274251675	0.714161810581553	0.80059648893765	0.120208616785843	0.034239961997712	0.000332518039796602	0.000707029736709634	4.22826513801766e-08	0.0213874570561036	0.961828124468656	0.02010162665465	-547.476639728237	"-0.016881853675674_0.127892464161055"	"0.498081166365801_0.501918833634199"
"50"	105	2.81421416460426e-05	0.126556284677775	0.019661805350545	0.0350334753749625	0.642560545435776	0.575848687009973	0.12232795233024	0.028879542577373	2.81421416460426e-05	4.93283677285472e-05	7.54174658501583e-07	0.0237436330522273	1.1347028333245	0.0290997348670089	-668.086167015582	"0.0163074063623218_0.126556284677775"	"0.499219102146355_0.500780897853645"
"48"	100	0.657277599824863	0.0148868258152536	0.0149088366647289	0.0334521220226859	0.657277599824863	0.656803797536798	0.109246786014642	0.0439358460880442	0.013344951391898	0.0145737788761194	0.00011875739817202	0.0875698394794892	0.685809830171673	0.0528487944292099	-608.475623485622	"0.0148868258152536_0.110705336137238"	"0.501003624271508_0.498996375728492"
"51"	111	0.311491205949912	0.0344298948088828	0.0292626032547666	0.0338618308178745	0.311491205949912	0.389371390781603	0.0810241170331968	0.0338506352252097	0.0241076087645185	0.0183777359612212	0.0536958216086298	0.279666514784574	0.613307248244953	0.164848133342684	-708.546029762181	"0.0344298948088828_0.0774174242496962"	"0.500067626619481_0.499932373380519"
"49"	129	0.00864976381025593	0.0704130926757911	0.0541487617983953	0.0264049014808287	0.00864976381025593	0.0423362327960097	0.0865465695840521	0.0260104264942418	0.00768994546193467	0.00114474591102721	0.998922682315707	0.38206500794864	0.887565750890679	0.340953820411958	-827.626910730364	"0.0704130926757911_0.0704417104846241"	"0.500000000000031_0.499999999999969"
"52"	99	0.281130203368617	0.0348049478469745	0.0495910640898198	0.032114984256866	0.281130203368617	0.1257697944331	0.136050917590432	0.0344990819282893	2.38696430295384e-05	0.000150795429521509	2.55076589184e-07	0.0665999397905971	0.951821762192774	0.0620917274895647	-631.268730280059	"0.0348049478469745_0.153084212302078"	"0.500255354775939_0.499744645224061"
"53"	114	0.00571444559460711	0.0875707460718165	0.0241455479277938	0.0343241453840485	0.64036108756254	0.483218146377615	0.0796820487466771	0.0310809791256812	0.00571444559460711	0.0116694909496172	0.000799446641537749	0.230389156289578	0.894013495275706	0.202921764268913	-732.059568757369	"0.0160793441837513_0.0875707460718165"	"0.499803170831389_0.500196829168611"
"56"	104	0.605649495819712	0.0139986925163666	0.0156999008041102	0.0270305331416026	0.605649495819712	0.562629831133912	0.1561616700295	0.0348136674932716	1.56752417393544e-05	1.89551655891123e-05	2.02176786423536e-08	0.00143830550912634	0.988052062597805	0.00140634942116133	-628.194499570444	"0.0139986925163666_0.157843125392135"	"0.507001352803255_0.492998647196745"
"54"	122	2.48320865429475e-05	0.165390512100433	0.016933991675441	0.0396030185583124	0.92906072156778	0.669707143152405	0.15089819555067	0.0377117766633996	2.48320865429475e-05	0.000108930750336022	9.81437153768638e-14	0.014297896013474	0.862206177983206	0.0112454060950231	-746.795037563182	"0.00353307457815434_0.165390512100433"	"0.498926114202593_0.501073885797407"
"55"	123	0.000377304914784721	0.113232968174705	0.063892578907549	0.030385270826828	0.0263947124520302	0.0375431526505806	0.119074967020299	0.0309599237939592	0.000377304914784721	0.000192223514007045	0.0275955126636633	0.203343175024974	1.059625895878	0.217574467423194	-778.760862064478	"0.0682955835617306_0.113232968174705"	"0.499967880301409_0.500032119698591"
"57"	98	0.420875812893965	-0.0313278185910818	-0.0124093447584982	0.0387559838198851	0.420875812893965	0.74951170669185	0.152431503280695	0.0358324909149068	5.7463832949781e-06	4.84259730240273e-05	2.22044604925031e-16	0.00179005536948286	0.809761235065659	0.00122655221844806	-584.379823704415	"-0.0313278185910818_0.172010807343166"	"0.501300400454565_0.498699599545435"
"58"	119	0.00207889876014042	0.0727832408578404	0.0602339815548635	0.0271631436832964	0.00848837273155552	0.0285049794893083	0.0847407487505052	0.0231169152383628	0.00207889876014042	0.000371017973621677	0.99725323092991	0.492036086322698	1.36596248150795	0.624739021237297	-763.030831781317	"0.0727133211353269_0.0727832408578404"	"0.499999999999814_0.500000000000186"
"61"	100	0.000840477288544044	0.0780750741213338	0.0700489523780863	0.0220513730047219	0.000611768507521055	0.00198740674587123	0.0862315169038948	0.0226668152381381	0.000840477288544044	0.0002462406913982	0.999418380077081	0.608843169749376	0.982713778109492	0.601596625163588	-640.813920076764	"0.0780585139510829_0.0780750741213338"	"0.499999999999999_0.500000000000001"
"59"	100	0.0887127485020174	0.0516174738525961	0.0359646808660698	0.0300250351611187	0.0887127485020174	0.233845821465556	0.0656985963295393	0.0298907510690403	0.087162597392172	0.030282617828729	0.999213592881608	0.482792425789503	0.868924783945849	0.428619603970711	-626.830811161346	"0.0516174738525961_0.0516418673978671"	"0.500000000000019_0.499999999999981"
"60"	105	0.217552259471322	0.0357784483537859	0.0376802430411957	0.0288400929827209	0.217552259471322	0.194256723932762	0.0939285870531091	0.0370000875468749	0.0102901125832302	0.0126109376763494	0.00761415730692616	0.23052314874389	1.51434403269504	0.365323847538479	-660.363133450175	"0.0357784483537859_0.0967003739030199"	"0.500796973197079_0.499203026802921"
"62"	103	5.41534106784124e-07	0.126129178733837	0.0473197163018335	0.0326505949421925	0.169818435453768	0.150328172724386	0.123317730491842	0.023574382604143	5.41534106784124e-07	9.03083437966995e-07	0.000481475473675497	0.0591428103407653	1.12822639022571	0.0705328705190101	-661.071274334984	"0.0451415152282724_0.126129178733837"	"0.495315430378285_0.504684569621715"
"63"	116	1.71067598115939e-05	0.125084881194332	0.0388270888823223	0.0321041783733633	0.259887697102456	0.228986114114309	0.121525726122878	0.0278660611052166	1.71067598115939e-05	2.83522491237959e-05	3.21823126321341e-05	0.0517339349911785	1.14956480612268	0.0636443095635475	-741.797930525058	"0.0363497231328574_0.125084881194332"	"0.49945024503354_0.50054975496646"
"66"	89	3.80476002953635e-05	0.132437762956561	0.0705168871539758	0.0342538625924221	0.0737201904296323	0.0424841137368988	0.124684390061678	0.0305220148020968	3.80476002953635e-05	9.69358410908043e-05	0.00218239778377649	0.237742012396123	0.905731801664058	0.212715972041916	-560.231204843196	"0.0619971166435212_0.132437762956561"	"0.499593512968735_0.500406487031265"
"64"	101	4.56461704446467e-05	0.138152124381898	0.000726273389421407	0.0337779932405223	0.558943209464449	0.982888549145694	0.118483926244133	0.0324020762405569	4.56461704446467e-05	0.000409604803223124	5.16919840265473e-12	0.0118748958094292	0.76021442146167	0.00763089839427322	-634.045729840887	"-0.0198066532957205_0.138152124381898"	"0.499886595494091_0.500113404505909"
"65"	102	0.939311454613535	0.00194568648944026	0.00596186714941439	0.0254920969827193	0.939311454613535	0.815558367509222	0.109890973318699	0.0317262283351407	0.000563300249677676	0.000782952510794528	1.39031550538959e-06	0.0106612712594579	0.873696197167491	0.00852683597418486	-630.229720057174	"0.00194568648944026_0.113008875047345"	"0.502547099162351_0.497452900837649"
"67"	114	0.34563670043136	0.027372309598208	0.0381657726388781	0.0289028618012253	0.34563670043136	0.189341690222421	0.104925858864699	0.0283146830927253	8.04047608311933e-05	0.000328027635130669	2.30604360287323e-05	0.098946216603277	0.908224333333305	0.0869712320112151	-735.216729063311	"0.027372309598208_0.115874296685808"	"0.500181675551349_0.499818324448651"
"68"	95	0.0169040392036101	0.0676381433182891	0.050034391305278	0.0292449464844853	0.0229391986852886	0.0904028305377544	0.0838398470791276	0.0278102712919467	0.0169040392036101	0.00330699354701829	0.999597634161376	0.402220176454825	0.78029078907923	0.318265228740357	-598.838293086569	"0.0676255212100587_0.0676381433182891"	"0.499999999999998_0.500000000000002"
"69"	108	0.0245866371044578	0.0630434522738191	0.0656634782808229	0.0276498835048829	0.0245866371044578	0.0193384538230093	0.138178375999096	0.0318841498931408	2.62702478503669e-05	3.32178925978393e-05	0.000372330909688579	0.0857547062804894	1.05078733905368	0.0918247862359046	-687.135420748828	"0.0630434522738191_0.140106665146707"	"0.500492613936637_0.499507386063363"
"71"	100	2.32152951206616e-07	0.148580802449923	0.0381626685592802	0.0357735949097283	0.349436773668866	0.2886643743811	0.144155610323501	0.0267378699890481	2.32152951206616e-07	4.75486675996657e-07	7.75777257544519e-07	0.0176326888764667	0.876900176096652	0.0142918499559889	-626.158556810901	"0.0336319939817938_0.148580802449923"	"0.497664106734373_0.502335893265628"
"70"	109	2.6287587710502e-05	0.157749469076282	-0.00668846101499825	0.0392577273919167	0.581751247222878	0.865035478553976	0.143187357505628	0.035915503360699	2.6287587710502e-05	0.000122061985643031	7.43849426498855e-14	0.00485061664590076	0.731972683215052	0.0028661106126405	-655.420410614869	"-0.0216896790307504_0.157749469076282"	"0.49959251736769_0.50040748263231"
"72"	113	0.442974212235095	0.0204778960273907	0.0219035823570633	0.0265977840050946	0.442974212235095	0.411967265712636	0.116128348145339	0.0312121003350858	0.000261153650741073	0.000312408284402508	7.79769047531964e-06	0.021577190102961	0.953701210072079	0.0200102489380914	-706.323766737502	"0.0204778960273907_0.117709478532751"	"0.501556773313963_0.498443226686038"
"73"	110	3.16718872673994e-07	0.141692578013193	0.0346365426664993	0.0333537348298978	0.329388067848843	0.301353776198631	0.139185930688386	0.026001110182786	3.16718872673994e-07	4.83871651141306e-07	1.37213786732815e-06	0.0134306059771138	1.04900430906596	0.0145470116138667	-687.100361290061	"0.0326777152182452_0.141692578013193"	"0.498595621632748_0.501404378367252"
"74"	105	0.43102237736782	0.0311746643354651	0.0185729687690237	0.0394355815172716	0.43102237736782	0.63864866389597	0.115382251371598	0.04257445938441	0.0276155667528598	0.00786835557853773	0.0205031725295413	0.0952768060562451	0.916736163270229	0.0847381220498639	-634.559550495576	"0.0311746643354651_0.0951162603504064"	"0.500090285960062_0.499909714039938"
"76"	113	0.00170883775173794	0.0704329489324516	0.0704843439395116	0.0219126879109438	0.00170883775173794	0.001696114366876	0.101546393510309	0.0261145653053937	0.00016571147532199	0.000171446204438829	0.131775982729658	0.362203441086074	0.631167256181814	0.228849046273773	-727.986842393577	"0.0704329489324516_0.101791181572262"	"0.500197890730471_0.499802109269529"
"75"	108	0.0104587429755238	0.0699854401288439	0.0566814193510321	0.0268530622367901	0.0104587429755238	0.0371193731816321	0.0991381603936314	0.0256812031676177	0.0010003082058496	0.000194091144491279	0.412912278528732	0.253186403541989	0.843840877093587	0.209855242905056	-661.154619684353	"0.0699854401288439_0.0868972715635962"	"0.503264114568615_0.496735885431385"
"77"	95	1.32824767918411e-09	0.125499324983602	0.00350960362303987	0.040668309090357	0.97974415335671	0.931412892081375	0.121405945676633	0.0186500843751014	1.32824767918411e-09	3.65474525703383e-09	2.02169298657573e-06	0.00841129197420211	0.687260591233416	0.00457450939113056	-577.658856562686	"-0.00103530634904428_0.125499324983602"	"0.476905403103452_0.523094596896548"
"78"	95	0.00313935697873445	0.0771722983408908	0.0626729707102863	0.028592353121162	0.00825930214921651	0.0308529854304497	0.0909986827769013	0.0254525879523235	0.00313935697873445	0.000554812875632588	0.999427616211776	0.45932334872043	0.727600808544541	0.345959566790917	-601.384280536462	"0.0771548903660209_0.0771722983408908"	"0.499999999999997_0.500000000000003"
"81"	107	0.0206893521442077	0.0384091574888889	0.0389153858602081	0.0163528576505002	0.0206893521442077	0.0191127592478712	0.0558196103017032	0.0187693043227752	0.00240488672875747	0.00364001044866708	0.361089137698011	0.497104409124726	0.643744342851221	0.339491485595536	-695.513198689597	"0.0384091574888889_0.0583687738673312"	"0.500215341688652_0.499784658311348"
"80"	108	2.27886744042089e-05	0.106629579998692	0.0900844411156916	0.0266463896721975	0.000162722167079267	0.00101006550123642	0.11950521933824	0.0240664161130179	2.27886744042089e-05	2.60492474317589e-06	0.904382571712784	0.412564407470589	0.831021045563644	0.347497747414561	-702.155901006985	"0.104167411584702_0.106629579998692"	"0.499999991105061_0.500000008894939"
"79"	106	2.97125558687256e-07	0.169020334313085	0.0188793158271136	0.034160658181734	0.678162395514293	0.581669152334603	0.165123046599054	0.0308567478615521	2.97125558687256e-07	5.15750801880918e-07	2.33022490192525e-11	0.00148861854378839	0.921876004805948	0.0012812001499379	-646.313729837157	"0.0142153593998686_0.169020334313085"	"0.499216683130469_0.500783316869531"
"83"	101	0.0961524744862407	0.0455312393908362	0.0455697354736363	0.0271080111853516	0.0961524744862407	0.0958754591128655	0.0869734732281831	0.0283099931678878	0.00326965883425329	0.00273782995523574	0.0733365727572233	0.290815339223171	1.34836206822507	0.395568077790664	-650.256824284413	"0.0455312393908362_0.0853191054624342"	"0.500106215793887_0.499893784206113"
"82"	128	1.36968541585521e-06	0.125160738209608	0.0292864119971923	0.0302359416847697	0.387944329530182	0.334587793594772	0.118733168611053	0.0246838296050907	1.36968541585521e-06	4.19623282681176e-06	2.9677535045014e-06	0.0219275044113646	1.17438595289309	0.0284843032607698	-811.655915814392	"0.0261942276786056_0.125160738209608"	"0.498541885948581_0.501458114051419"
"85"	108	3.6145952738278e-09	0.181258218425974	-0.00481459458103053	0.0309328646598339	0.557696974083238	0.876604864483953	0.17112395553706	0.0281793009359299	3.6145952738278e-09	1.9515385352755e-08	0	2.61502011575088e-05	1.35660229081446	5.21652538397479e-05	-667.287668785429	"-0.0181919619159249_0.181258218425974"	"0.494526952411186_0.505473047588814"
"84"	107	0.00013279857262485	0.11195448937633	0.0201140230605156	0.033432134693907	0.836434157747133	0.548700126579767	0.100800540920966	0.0282246716450985	0.00013279857262485	0.000535551526105753	4.11214365447776e-06	0.0651642369011056	0.896861436346442	0.0558508989390879	-673.551772943835	"0.00691928561667919_0.11195448937633"	"0.499887954092761_0.500112045907239"
"86"	141	7.06881966284463e-13	0.184639064697419	-0.05155423991704	0.0297942699577973	0.0506521392660409	0.0857729668432322	0.178507046802545	0.0233470718319692	7.06881966284463e-13	3.01015682573133e-12	0	1.21771011526196e-09	0.907019538650411	9.62851005202308e-10	-853.008803760048	"-0.0587358121635933_0.184639064697419"	"0.494547679587947_0.505452320412053"
"88"	113	0.308791414907506	-0.0325060660871674	-0.0182949003451136	0.0317936528428427	0.308791414907506	0.566157395108614	0.111094748386275	0.0310817763032008	0.00011130540060526	0.000519464010960314	2.43804976207684e-13	0.0036132999913244	0.797902642480568	0.00244345378455349	-700.951952592908	"-0.0325060660871674_0.124527286066606"	"0.502514578708959_0.497485421291041"
"87"	120	0.5936255594791	0.0119953853923139	0.0134069879865353	0.0224199069882967	0.5936255594791	0.550979781173745	0.135192767924266	0.030581388912562	1.53562619216487e-05	2.1860120973912e-05	2.95552515794384e-09	0.0013194781387409	0.880753994826197	0.00104464546634658	-749.673572819207	"0.0119953853923139_0.137894018861327"	"0.502566673708461_0.497433326291539"
"89"	94	1.50433688773466e-06	0.187604347125516	0.0380189948269201	0.0423245748323175	0.600557832173134	0.371360119643728	0.173548290279029	0.0364895950527885	1.50433688773466e-06	7.19451169175045e-06	9.05053809674428e-12	0.0152977545625534	0.732967429739971	0.00936566339404574	-577.434456026967	"0.0222371950094074_0.187604347125516"	"0.498760884859654_0.501239115140345"
"90"	95	3.1029132390243e-05	0.129780265195072	0.0545268633172825	0.0311666616474929	0.101341792662417	0.0834639150951474	0.126124461317278	0.0296424710732434	3.1029132390243e-05	4.94331030652546e-05	0.00149051943159906	0.0959938340724307	0.779368922094162	0.0688407939630952	-586.334282295357	"0.0515682529650396_0.129780265195072"	"0.494109840912923_0.505890159087077"
"91"	114	0.290906493615555	0.0336737412777363	0.0425899065012766	0.0317347080062668	0.290906493615555	0.182266659465527	0.114833595697294	0.0334301158485243	0.000372376760349876	0.000829490449833712	7.92739008461663e-05	0.117042378257641	0.898502165452761	0.101792812642765	-721.753091939767	"0.0336737412777363_0.122672247202305"	"0.500078413905629_0.499921586094371"
"93"	119	0.000678278077130197	0.0842823839191211	0.00907325941028281	0.0296034291615877	0.81820251545073	0.759769057521256	0.0829914837510678	0.0241443943100365	0.000678278077130197	0.000812253353870187	0.000183234727082482	0.0529924478956139	0.879816721702769	0.0440195652475207	-759.81620336826	"0.00681976735421951_0.0842823839191211"	"0.498719596492012_0.501280403507988"
"92"	122	8.81041647015451e-06	0.136430292117979	0.0197361262588565	0.031097783263923	0.686048851470622	0.526856590251862	0.129065847880494	0.0293876261946277	8.81041647015451e-06	2.42295636842199e-05	2.33410601957473e-09	0.0106119273320398	1.189268304071	0.0143135346878225	-768.037015510616	"0.0126007014941324_0.136430292117979"	"0.499635795957019_0.500364204042981"
"95"	110	0.640850532977407	0.0134677656826148	0.0184484379779146	0.0287886253629336	0.640850532977407	0.522982144175496	0.0693118873461793	0.0305146325549793	0.0169493992955897	0.0250846626193897	0.0041081917497876	0.225345990553864	0.763022138382696	0.1655242579788	-707.648984045682	"0.0134677656826148_0.0739994875320232"	"0.500253108732341_0.499746891267659"
"94"	115	0.462613670347618	-0.0246271012277953	-0.00798704621622081	0.0334136293193594	0.462613670347618	0.811507194969822	0.130155177625196	0.0335635604037014	2.56826855795686e-05	0.000176666268863501	4.44089209850063e-16	0.00353590828838036	0.901044133095477	0.00294109645915194	-717.485277921824	"-0.0246271012277953_0.147272319485245"	"0.500079218813605_0.499920781186395"
"96"	98	2.10392777271003e-07	0.14839033322719	0.0226523064358929	0.0306039075946863	0.476719242601724	0.460980442244481	0.14517382408537	0.0265550431926318	2.10392777271003e-07	3.55511030879332e-07	6.36526333863685e-08	0.00249602925428911	1.69417273243694	0.00714658679418959	-596.664681976347	"0.0218622542795966_0.14839033322719"	"0.49666457229212_0.50333542770788"
"98"	101	1.93725399313994e-06	0.132625715782216	0.0426328260146195	0.0364455029077255	0.338226641754041	0.244874374309297	0.12655547464149	0.0262288864462355	1.93725399313994e-06	5.02673294096758e-06	3.26650603201806e-05	0.0616228538586617	0.835927155314364	0.0477926536923106	-635.491379851891	"0.0350710307551153_0.132625715782216"	"0.497098665068571_0.502901334931429"
"97"	102	0.905462880726097	-0.00393168477446854	0.0133294386954101	0.0330222164344711	0.905462880726097	0.687322976064103	0.161033236991177	0.0371447423709372	5.58933668610175e-06	3.44922068202133e-05	6.66133814775094e-16	0.00296018937617778	0.780827827904606	0.00192329235783707	-631.741663741509	"-0.00393168477446854_0.17815534402345"	"0.500839493673285_0.499160506326715"
"99"	83	1.39108648547976e-05	0.12785863299307	0.0419571581252404	0.0399854842185361	0.408344230877112	0.297118402044756	0.119343974664497	0.0276554205496342	1.39108648547976e-05	4.42062935168896e-05	0.000126436719279699	0.111441295222631	0.89138809368057	0.0958123002234137	-528.456827379642	"0.0332309685760338_0.12785863299307"	"0.49739361450021_0.50260638549979"
"100"	109	2.80053975091996e-06	0.119900895504458	0.0488332803271328	0.0301533796771522	0.1549889718442	0.108257104936015	0.113972439317089	0.0242431093363786	2.80053975091996e-06	7.67783651607734e-06	0.000394106029895092	0.0922598179495993	0.715085221707062	0.0589888062314561	-700.19565670693	"0.0431841464910432_0.119900895504458"	"0.497554575491089_0.502445424508911"
