simNum	IVsNum	plei_test	P	eff
91	88	0	0.00185067051090138	0.0659601077866825	
47	88	0.031	0.000165416420039431	0.0678479100056248	
27	85	0.019	6.8382925085521e-08	0.109597517927272	
29	96	0.151	1.56923390946848e-05	0.0737787549888171	
85	91	0.368	4.13823564147889e-07	0.0883925836364944	
81	98	0.073	6.66982504806762e-10	0.111107861485362	
57	98	0.027	0.00528934322749107	0.0471844585895747	
99	101	0.016	7.57479267587333e-06	0.0800434244930362	
59	101	0	2.53448314350448e-07	0.103493726693132	
3	103	0.019	6.48884518996194e-08	0.0915664459889755	
17	104	0.003	1.83321683252177e-05	0.0743368363386992	
53	109	0.034	6.81443609968099e-08	0.0905197140108154	
71	106	0.028	2.06286296327812e-06	0.0817596699508978	
89	110	0.001	8.45603756976703e-08	0.0910612923948638	
31	103	0.001	1.23317672375994e-07	0.0930275134675643	
35	87	0.303	3.46906970088244e-08	0.0972467659853592	
65	112	0.011	3.36692508652498e-08	0.0962865674935299	
21	88	0.099	0.000182960197076447	0.0648511158418955	
7	110	0.035	1.86047920782169e-10	0.105112503428232	
43	116	0.014	1.41417328407544e-11	0.115350544167767	
23	115	0.001	2.5805383263733e-12	0.119916499554506	
25	116	0	7.26464960151616e-08	0.0957920667675351	
5	119	0.326	1.59932494673231e-11	0.101473463389072	
1	120	0.421	1.50686986714242e-13	0.115360114656344	
9	90	0	0.000183622676863418	0.081040397979791	
49	95	0.079	0.000408098839866808	0.0593258994896912	
79	93	0.004	2.02854027608258e-07	0.0988319354728255	
75	119	0	2.32649953182896e-06	0.0814450880200086	
77	120	0	0.000311888324041202	0.0649454205934823	
69	95	0	7.00741095622291e-07	0.0928003119282263	
95	122	0.009	1.26836855478512e-13	0.12738633455806	
73	98	0.088	4.38938302442761e-05	0.0688470091967349	
15	100	0	2.17801744809319e-08	0.113126837752123	
83	119	0.013	5.29842236159387e-08	0.0875890005552577	
39	103	0	4.80035217509985e-06	0.0860974679927767	
11	103	0.001	3.42707151371445e-05	0.0784703877368206	
45	105	0.169	1.82106375297846e-08	0.0921737235679111	
55	108	0.025	5.16870655754946e-06	0.0772407484075297	
87	128	0	1.11318218182167e-10	0.102298546657479	
41	109	0	1.4593656494157e-11	0.122861870754247	
93	114	0.006	1.21356795071595e-07	0.0889798100824567	
63	116	0	2.23897932026932e-08	0.0971566826968399	
97	115	0.161	5.52070740860419e-09	0.0923718767769887	
19	116	0.021	2.60445239351501e-08	0.0884150839730115	
67	116	0.081	2.18335017711229e-09	0.0954278863125739	
61	118	0.025	1.11655717722181e-09	0.101179595831504	
51	121	0.17	2.69850162594877e-09	0.0880886894945158	
33	117	0	6.14350843502786e-07	0.0881420927516802	
13	118	0.029	3.89633220703718e-05	0.0608956538849064	
37	124	0.01	3.82703094222274e-09	0.0939468293684529	
48	97	0.003	1.5426407201535e-06	0.085778240405496	
92	102	0.003	5.81000731361936e-10	0.110554343995966	
60	90	0.031	0.00344073868569579	0.053182366395812	
90	85	0.032	0.000173815385602308	0.0689350008536336	
100	94	0.427	1.55208025949017e-07	0.0857896458677377	
54	90	0.022	2.60883269830563e-08	0.107357540110366	
66	87	0.001	1.12536392426408e-05	0.0838952762100412	
28	108	0.023	2.28467066025871e-10	0.110996464333717	
86	108	0.001	2.17821018861282e-05	0.0742252493677262	
30	109	0.028	8.79076775477153e-10	0.104603097452608	
58	109	0.007	7.28583842138703e-05	0.0648514102907604	
82	111	0	6.78918623450685e-12	0.128163437239029	
24	95	0	6.22011237917123e-08	0.101902659647631	
32	103	0.073	2.18559472865043e-07	0.0867760176574677	
4	109	0	4.23911663729933e-07	0.0889861970806599	
8	102	0.013	2.87299776739954e-08	0.102080556403842	
74	88	0.149	0.00349856210511972	0.0499571115480754	
72	108	0.004	2.48573045848072e-06	0.0808638141901425	
36	91	0	1.27675996819866e-05	0.0859523052410942	
44	103	0	1.20276710086479e-05	0.082510430851769	
12	75	0.064	1.86167092562198e-05	0.0844648165346172	
84	93	0.006	5.41135706244448e-06	0.0843899378840412	
6	112	0.419	4.51347202986464e-15	0.120396661972055	
26	111	0.009	2.75219983985007e-09	0.0996316658097132	
76	111	0.002	2.21576263421397e-05	0.0716528228496071	
78	108	0	1.23051407820481e-10	0.118760824850368	
2	120	0.045	1.04631803022895e-08	0.0903862114629962	
22	106	0	4.38215992897568e-05	0.0802098141237774	
96	109	0	2.63067720740798e-05	0.0819239946577212	
18	128	0.001	1.30678409261806e-05	0.0651991878943709	
70	93	0.005	0.000744308561402008	0.0580688459115212	
10	101	0.275	4.31087909081825e-10	0.102848713387731	
50	107	0.008	4.26940777370313e-08	0.095157267784681	
40	105	0.109	7.71249066450462e-07	0.080885859418077	
42	96	0.156	5.1769819440996e-08	0.0962182094943031	
68	102	0	9.76127106693951e-07	0.0956010880232163	
88	117	0.011	2.90038451740626e-08	0.0919592173884962	
46	110	0	1.0523067316167e-07	0.0943333769177445	
80	115	0.007	2.9426878747415e-06	0.0764364958742364	
98	106	0.004	1.08513734213924e-08	0.104633837891819	
64	105	0.041	1.17918750354706e-08	0.098216685131283	
16	119	0	2.74282522905191e-09	0.102894974245855	
20	104	0.004	4.28595117224805e-08	0.0978129488389068	
56	115	0.002	6.96491744036722e-11	0.117852477242472	
14	106	0.001	7.50335518743989e-09	0.115648031146785	
94	116	0.033	0.00289482931532421	0.0456164166671437	
38	108	0.001	8.36280846110112e-06	0.0797963232460767	
34	113	0	2.39849009835044e-10	0.115609157624971	
52	120	0.108	1.68039892617677e-10	0.0988353215790013	
62	125	0.03	2.54838726213343e-08	0.0863099363278693	
