simNum	IVsNum	P_1	eff_1	eff_mean_minClass	sd_minClass	P_minClass	P_minClass_mean	eff_mean_maxClass	sd_maxClass	P_maxClass	P_maxClass_mean	corTest_1	CHVP_test	correct_factor	CHVP_test_correct	AIC_1	gamma_1	prop_1
4	109	1.05469058827113e-06	0.191796455368447	0.0137035262026571	0.0369842654470477	0.890770438666811	0.711718447886381	0.171874847953894	0.0370532543213109	1.05469058827113e-06	9.89345782719846e-06	0	0.00251710123975254	0.834148455124396	0.00182464723063977	-661.780350801236	-0.00509102027200396_0.191796455368447	0.499859859671779_0.500140140328221	
1	120	1.4384434232359e-07	0.116000010166522	0.106864021999456	0.0225358983104419	1.06673609858189e-06	5.92853767547958e-06	0.124171059979571	0.0207353889582338	1.4384434232359e-07	2.3082992554894e-08	0.998012014704905	0.571973017202539	1.08065777949904	0.604478882507652	-779.777013268674	0.115949188854459_0.116000010166522	0.499999999999965_0.500000000000035	
5	119	9.22941142959858e-06	0.116805765606979	0.0858393724597749	0.0239001091051235	0.000586429435800354	0.000480300455382583	0.115112899047051	0.025193667832617	9.22941142959858e-06	1.21320661913934e-05	0.103960660692682	0.399244380331805	0.899019226658806	0.361446975194538	-767.714037806197	0.0844513173667573_0.116805765606979	0.499997899282957_0.500002100717043	
3	103	0.163200971656252	0.0468871246712128	0.0422159988522414	0.033382946521624	0.163200971656252	0.20889741546239	0.132355782427252	0.034512115287436	0.000344211519691113	0.000217573939389889	0.000450274905093195	0.06047723246128	1.42212384103613	0.101825655102746	-639.678520760457	0.0468871246712128_0.127849825915312	0.500008400809783_0.499991599190217	
2	120	0.0500416678788908	0.0527793170039048	0.0559588205754867	0.0266598021617757	0.0500416678788908	0.0379312825513044	0.125075102831293	0.0320334511576801	8.56974432193771e-05	0.000157087718046504	0.000288499463304337	0.0972326800847979	1.08817810746358	0.109043383845082	-746.075270981279	0.0527793170039048_0.130302565861717	0.501088226649758_0.498911773350242	
6	112	1.33392981077931e-07	0.122670545802556	0.114369582742727	0.0217636174965201	1.33392981077931e-07	7.23009825326568e-07	0.130052183920696	0.0200125084729634	1.36744350441897e-08	2.3836894607597e-09	0.998864463212093	0.595817503460628	0.894411397507884	0.549922894578662	-719.881669406861	0.122670545802556_0.122699562445712	0.50000000000003_0.49999999999997	
7	110	2.42301156518532e-11	0.177559328700639	0.0298183112929674	0.0320532366642417	0.554467921127012	0.35428467951422	0.168920466378433	0.023855832242982	2.42301156518532e-11	1.47171028542402e-10	7.30970839413203e-13	0.000498889355323735	0.837831503329367	0.000357157009987441	-696.460339444383	0.0190047627845466_0.177559328700639	0.497443758071628_0.502556241928372	
10	101	7.9771425308367e-07	0.102391497769719	0.0951633598523104	0.0194405110796997	7.9771425308367e-07	3.77599476526224e-06	0.110154253271933	0.0235907015520126	3.40480242243354e-05	9.41336126770959e-06	0.99970032229094	0.623852526055113	0.81178377267675	0.538797491873439	-649.508766376617	0.102391497769719_0.10240002352591	0.500000000000001_0.499999999999999	
8	102	0.645172225422404	0.0156861017046114	0.0383104706859887	0.0339626071767546	0.645172225422404	0.261984316460605	0.165477362866925	0.0365987474941761	1.47996290477896e-06	1.6757939400485e-05	2.66009436700188e-13	0.0108671088700204	0.784890849174679	0.00732443388363205	-626.767041865165	0.0156861017046114_0.18729798066499	0.500894169234756_0.499105830765244	
9	90	4.16512222138083e-05	0.18883615747903	0.00267649382857592	0.0491585058552474	0.838450627629269	0.956701704914477	0.182988517293997	0.04378970958814	4.16512222138083e-05	6.83191925397091e-05	2.13051798425568e-11	0.00616460909157051	0.768663878388708	0.00396468457571724	-523.363512792816	-0.0100515956127207_0.18883615747903	0.498080153324919_0.501919846675081	
12	75	0.00170577663406265	0.111388520378571	0.0521550005684641	0.0426302587489757	0.179305459849987	0.225050067977959	0.115422586934068	0.034209778129563	0.00170577663406265	0.00118206666610971	0.048788010854262	0.247072969697903	0.949736968042486	0.233325360114419	-468.76113005334	0.0577954914109972_0.111388520378571	0.499799346195741_0.500200653804259	
11	103	1.13001341395506e-10	0.182147817143881	-0.0270158091646491	0.0333887548085422	0.326500182378232	0.420324356969399	0.176938475579175	0.0253485136131913	1.13001341395506e-10	3.05358142943507e-10	0	1.14326552342846e-06	0.975426566836786	1.08122450057631e-06	-622.309589177874	-0.032918992030198_0.182147817143881	0.496147515070925_0.503852484929075	
13	118	0.257081776711504	0.0287143334565604	0.0379196050163695	0.0252128935967155	0.257081776711504	0.135281995811198	0.0957765800726722	0.0354623502297696	0.00252299324212461	0.0079445640923706	0.000117484111086474	0.183621197177026	0.716115897573253	0.123303848799042	-743.03320544137	0.0287143334565604_0.109480448100088	0.50416730125912_0.49583269874088	
15	100	0.803251377660781	0.00567666676913154	0.0119193837369775	0.0227238747598731	0.803251377660781	0.601081589050078	0.227663231932612	0.0351868848419299	9.30439948690747e-10	3.76229572266068e-09	0	2.59572649120837e-07	1.1750051979388	3.821528750792e-07	-593.031097950347	0.00567666676913154_0.238152605333739	0.508257600373244_0.491742399626756	
14	106	8.25320278125967e-06	0.167814585210642	0.057788131780352	0.0504219261981391	0.177912934955833	0.254362608760287	0.174066593372508	0.0357802973766697	8.25320278125967e-06	4.04503285180026e-06	0.000240515349360315	0.060012558923585	0.865321053575745	0.0488223304955597	-643.077177129195	0.0683872808603451_0.167814585210642	0.499063191980915_0.500936808019085	
17	104	0.451775517297267	0.022575189188844	0.0234515017377538	0.0298878971882529	0.451775517297267	0.434460480687888	0.141938331257343	0.0356379760132024	0.000121260336325589	0.000127187218268885	1.15476565154538e-06	0.0108511865833734	0.876063277401077	0.008719121943021	-636.919890047024	0.022575189188844_0.142404486287776	0.502286341391575_0.497713658608425	
18	128	0.628767972588853	-0.0167913795486686	0.00264285750999431	0.0346472622845608	0.628767972588853	0.939317189783804	0.130688848669019	0.0370044045909193	8.05117335325003e-05	0.000576161759327367	2.22044604925031e-16	0.011539533807734	0.848525167274692	0.00881496735635926	-792.442166458867	-0.0167913795486686_0.150796523013809	0.501873375610225_0.498126624389775	
16	119	0.140881891570976	0.0589698947803729	0.0499219530201761	0.0397782205291321	0.140881891570976	0.211956004601853	0.167483190117175	0.0354825449655704	1.6928234342977e-05	6.53877188646009e-06	1.92233695717192e-05	0.0274200325602998	1.0292103949635	0.0286893175361551	-733.893144994119	0.0589698947803729_0.159189690478709	0.500424600476933_0.499575399523067	
19	116	0.246003882071829	0.0314750398109949	0.0343797464022647	0.0269927033333069	0.246003882071829	0.205349319112259	0.142417748461017	0.0316240519734692	1.19089533502213e-05	1.61326876804881e-05	1.16872134636736e-07	0.00936390974590919	1.46569886322975	0.0185829996168735	-728.888605267589	0.0314750398109949_0.144805672322138	0.500994350510144_0.499005649489856	
20	104	0.00021736866272518	0.124460634536362	0.0735303178762065	0.0376215855651842	0.022395468540759	0.0533564582561983	0.138982646580709	0.0324628430512748	0.00021736866272518	4.17796562145628e-05	0.133767678009714	0.187778202074913	0.909700439907979	0.167759939035281	-634.423312630028	0.0872272974466047_0.124460634536362	0.49971933801793_0.50028066198207	
21	88	2.6314778962411e-06	0.120139884720139	0.0213852715367663	0.0345335958845672	0.626227335331773	0.537363450808729	0.116684433346969	0.0238945809423605	2.6314778962411e-06	4.69830408504434e-06	4.17064636684117e-05	0.0232478838872079	0.702967602755523	0.0135781688663543	-552.188909497037	0.0168793311231392_0.120139884720139	0.496601983852387_0.503398016147613	
22	106	4.15825092880458e-12	0.206112031638808	-0.0366047141918404	0.032172387625524	0.12079197635268	0.257806933624536	0.197383400619092	0.0263298941543848	4.15825092880458e-12	2.1770244903174e-11	0	1.81943138120528e-08	1.18596345137946	2.78436827905501e-08	-629.254708488843	-0.0503223516333896_0.206112031638808	0.487885836741879_0.512114163258122	
23	115	0.347552890191214	0.0236194258688943	0.0334970023087186	0.025040739735916	0.347552890191214	0.183656745149621	0.207979403228828	0.0279624097410579	3.39138382557014e-12	2.06572756283545e-11	0	3.34473629969278e-06	1.26699965826936	5.81182934789587e-06	-706.582480846741	0.0236194258688943_0.217828517343365	0.502219678232514_0.497780321767486	
24	95	0.00141284123629111	0.128443610971503	0.0396588229563791	0.0379761551295741	0.161220767901636	0.299020854898184	0.142652341653826	0.0390449521604734	0.00141284123629111	0.000425611219385531	0.00668791721002671	0.0586349253950533	0.90293334513894	0.050640646186498	-583.13926551363	0.0536263536734281_0.128443610971503	0.498964865468868_0.501035134531132	
27	85	0.00475234028747858	0.108883119448808	0.0909802390158245	0.0325996830441588	0.0012515256716433	0.00650556841119978	0.129346641754367	0.0375375207417241	0.00475234028747858	0.000891329426035547	0.999946033625608	0.44029687228237	0.650059971705979	0.296247693950006	-519.90901224132	0.108881171522668_0.108883119448808	0.5_0.5	
25	116	0.000210974092907296	0.163578169250177	0.0336621876902038	0.0464385207705353	0.531744583602196	0.470000191434284	0.158391548848206	0.042736057131705	0.000210974092907296	0.00032503835723968	4.92321783340799e-09	0.0481126943754797	1.08203784354451	0.0541171739814143	-703.724167222706	0.0291281488435091_0.163578169250177	0.499593391757537_0.500406608242463	
26	111	0.0885117518720532	0.0503833296302765	0.0591431504538711	0.0293175482794834	0.0885117518720532	0.0460961958364457	0.149230266577438	0.0372502578357954	3.86991166167648e-05	0.000112524471613415	2.00839473807335e-06	0.0573769577192306	1.39071851999634	0.0937342082747882	-687.385911351999	0.0503833296302765_0.159768533182119	0.50209232400289_0.49790767599711	
28	108	1.01853430628985e-06	0.180489002045277	0.0570641191140632	0.0377835227789698	0.30687846873184	0.133916694446412	0.161662132352487	0.0347945435925869	1.01853430628985e-06	9.67801385089047e-06	1.98092875436373e-10	0.0417092767905838	0.928252471288793	0.0373200153605951	-673.931251996392	0.0387922389845001_0.180489002045277	0.499434022441669_0.500565977558332	
29	96	0.000538804186887842	0.120173296473183	0.0378099542411942	0.0372778610342536	0.494794106309192	0.313028446893183	0.109548066885438	0.0335437025540962	0.000538804186887842	0.00151877653543728	4.38207217099418e-05	0.15256532224172	0.959166726173096	0.144843296988304	-607.589884471134	0.0255482596763643_0.120173296473183	0.49962381423095_0.50037618576905	
32	103	2.69590461000263e-06	0.133448464953688	0.0428403956508025	0.0363520477164064	0.345318190763508	0.241344697769509	0.123436144280862	0.0268450231386089	2.69590461000263e-06	1.22672306056276e-05	1.65492518802157e-05	0.0745064944917339	0.751783061389561	0.050327303684339	-649.224332557739	0.0344654635553706_0.133448464953688	0.498164186900037_0.501835813099963	
30	109	0.0948845692365832	0.0541736782353882	0.0615876746626297	0.0321513802403594	0.0948845692365832	0.0580664877081513	0.153036829159919	0.0389261616639675	6.92999212639178e-05	0.000149398556282056	2.50035787674463e-06	0.0700892469438284	0.942249015172828	0.0644532404159189	-679.790457788147	0.0541736782353882_0.16112248077175	0.500744975082549_0.499255024917451	
31	103	0.12238956224588	0.0627982006085051	0.0390694992232735	0.0403133568538444	0.12238956224588	0.33476517420346	0.16442360236615	0.0325961622311633	3.68869707179927e-05	1.98729519516673e-06	0.00181722714290178	0.015607567421119	0.95371165708311	0.0144467933945635	-623.794332566199	0.0627982006085051_0.140678190919813	0.500351524016167_0.499648475983833	
33	117	0.00336624571178619	0.115425123158278	0.0353178757908251	0.0409001774455777	0.197247171637761	0.389636861920916	0.127487726913679	0.0385524810452283	0.00336624571178619	0.00125636966690043	0.020118848838206	0.101034932650826	1.0023222670144	0.101350114902343	-698.897492594713	0.0530425030553697_0.115425123158278	0.499706713689875_0.500293286310125	
35	87	0.168426623494715	0.0435842144409819	0.0580137930292644	0.0313786773444685	0.168426623494715	0.067918712423949	0.133397589194678	0.0350029706327973	6.86599383720119e-05	0.000259327188314201	2.96142757143514e-05	0.10880014301995	0.740277071491288	0.0734573095929358	-553.585018093056	0.0435842144409819_0.146473727334018	0.500821355309463_0.499178644690537	
34	113	0.338973214526608	0.0326531735016527	0.0426811223367924	0.0340031246895846	0.338973214526608	0.212014558178182	0.188816039235214	0.0387692172331464	1.55060054879553e-06	3.68930010269214e-06	1.28763666396026e-12	0.00459943374777714	1.04193582738616	0.00494909222823032	-683.093964263293	0.0326531735016527_0.196770952454471	0.500201153518533_0.499798846481467	
36	91	0.711859375213598	-0.011710924055156	0.00280704700398866	0.0316060000237572	0.711859375213598	0.929427273539359	0.180620053704546	0.0347666364847465	2.64376653727273e-07	1.26392535015575e-06	2.22044604925031e-16	0.000154076769272592	1.24725211855919	0.000245930013299182	-553.880118228307	-0.011710924055156_0.193570392190595	0.502040865333712_0.497959134666288	
38	108	0.282495896657218	-0.0326670102348713	-0.0248762913048269	0.0302425153160312	0.282495896657218	0.412587446101593	0.180238869450226	0.0297936252921691	7.63999947576677e-09	2.17172440403509e-08	0	1.35463768461035e-06	0.766446248021604	7.70538986733425e-07	-666.168533013909	-0.0326670102348713_0.186918187111434	0.502468758871554_0.497531241128446	
37	124	4.6340717500354e-05	0.12237217823392	0.0536998368908353	0.0319246147836063	0.0859010962232497	0.0950899587128101	0.123483664255429	0.0289725451740864	4.6340717500354e-05	3.99223820662881e-05	0.0026363169522059	0.105514482582297	0.676464082124662	0.0633533013436482	-773.99853268093	0.0552719051599921_0.12237217823392	0.497936183507159_0.502063816492841	
40	105	0.0147006419714275	0.0824580154346882	0.0588652051710232	0.0332345044695031	0.0147006419714275	0.0794555632389612	0.107080310586951	0.0358203542775913	0.0232224832049791	0.00348910844870758	0.997742348622833	0.323773605743552	0.618022984500969	0.196624718395032	-661.730860742387	0.0824580154346882_0.0825229878054096	0.500000000000187_0.499999999999813	
39	103	0.740074933081714	-0.00926125526773284	-0.00115443664291402	0.027840142883571	0.740074933081714	0.967004963778731	0.173704189823711	0.0376128140695969	4.564348888905e-06	1.13240001978006e-05	1.99840144432528e-15	0.000186471124785493	1.11388797518176	0.000232784251723268	-620.332280271519	-0.00926125526773284_0.182169759800544	0.504791454477539_0.495208545522461	
42	96	0.00114474651781354	0.0790550650081885	0.0830943249884945	0.0235690188102948	0.00114474651781354	0.000652299444241127	0.116674287997327	0.028654618031545	5.35436715513492e-05	9.65873424692252e-05	0.0668785476153322	0.365432274298792	0.739113050133246	0.271250364822158	-606.127958628551	0.0790550650081885_0.121248198763451	0.500668788477562_0.499331211522438	
41	109	0.768231951443575	0.0109331466231879	0.0353421538130877	0.0370074566912087	0.768231951443575	0.341709969905917	0.183115200541246	0.0396894093570659	6.85460363103992e-07	1.09357625381896e-05	0	0.00646679905511658	1.09415818556041	0.00757791460275801	-661.003700160422	0.0109331466231879_0.209407978171906	0.500707785554032_0.499292214445968	
43	116	3.17944949885985e-06	0.1515213697763	0.0717621063133552	0.0300721546564385	0.0177151875022305	0.0186498354597159	0.152936878347335	0.0309284976872278	3.17944949885985e-06	2.62110793106764e-06	0.000401463901043453	0.0598718027894651	0.722752993980853	0.0379334324901377	-724.741027851031	0.0723578852010742_0.1515213697763	0.498268149703006_0.501731850296994	
45	105	0.000722992159509033	0.0930759775337119	0.0765244367041196	0.0275642842659929	0.00103741239612298	0.00652344123098251	0.107789188939328	0.0267113901451826	0.000722992159509033	0.00010433828395081	0.998709774898545	0.415337030821828	1.01403707163661	0.420600170236659	-660.999714206103	0.0930386312393878_0.0930759775337119	0.499999999999982_0.500000000000018	
47	88	0.49668067137787	0.0204624715510899	0.0283747617091587	0.0299777735715454	0.49668067137787	0.346501608242142	0.122041396849992	0.0356906357499663	0.000579036640170954	0.000957225035796279	2.50583024385964e-05	0.0444752249083746	0.811412106570001	0.0327472112682096	-549.897644152108	0.0204624715510899_0.127507695073704	0.503702990291971_0.496297009708029	
44	103	0.448021150145968	0.0291199336331891	0.0205736439669925	0.0382322540834585	0.448021150145968	0.591664640070459	0.145816292919762	0.046785593658737	0.00259048990393	0.002376109343731	1.15151104860267e-05	0.0381851658435037	0.848816826501633	0.0298944536755113	-608.008428504504	0.0291199336331891_0.14450573495266	0.500403147862833_0.499596852137167	
46	110	0.000103285218860081	0.143852063576491	0.0324342296716992	0.0326233068260102	0.219070301333626	0.322325410412515	0.152592610664305	0.0356889290417462	0.000103285218860081	4.10105605178349e-05	9.96111837681113e-06	0.0129536239973528	0.680391877807231	0.00704551362086429	-662.391307073135	0.0403263950500956_0.143852063576491	0.499509620661318_0.500490379338681	
48	97	0.000649768611286944	0.133324641979489	0.0409014411623664	0.0359768420329369	0.279350665915331	0.258417254420346	0.131937027040091	0.0378173763267536	0.000649768611286944	0.0007341562346484	8.62899173144083e-05	0.0811434532532648	0.866989489945572	0.0666906387115714	-598.816047859639	0.0391402169521917_0.133324641979489	0.499833575470362_0.500166424529638	
49	95	0.415920657584904	0.0248227377503171	0.0191276917998557	0.0303779730886748	0.415920657584904	0.530446753758308	0.0959981627754735	0.0304799135601204	0.00407745266457407	0.00219267876420718	0.00772388445409278	0.074048922870043	0.923603029330524	0.0662666135349219	-599.475207119341	0.0248227377503171_0.0897448513215682	0.500957219488947_0.499042780511053	
50	107	0.680745523789677	0.0108524250455533	0.0184588052276006	0.0263036231742227	0.680745523789677	0.484367414938771	0.167043026915343	0.0369724982994772	7.98564216176102e-06	1.62805200065e-05	3.95239396766556e-13	0.00105804675004458	0.741086736395393	0.000616674931123261	-668.264359071282	0.0108524250455533_0.173622987795831	0.503500887915612_0.496499112084388	
51	121	2.71338257160043e-06	0.116263766833472	0.054876653347418	0.0279477475602185	0.0696813099038223	0.0518956659095518	0.114029408135431	0.0236019917156598	2.71338257160043e-06	4.04890405698081e-06	0.0020274824971962	0.105865660957595	0.975797081925275	0.102468991656558	-783.656927911479	0.0511537713018921_0.116263766833472	0.498493172634631_0.501506827365369	
52	120	1.98329294235891e-06	0.0897555889155301	0.0864894357822125	0.0179455793841759	1.98329294235891e-06	4.28939502273895e-06	0.113233471612812	0.0237881137053716	1.12340143359795e-05	5.49811023836545e-06	0.276245242238407	0.369445542561704	0.938870217219952	0.347656035497431	-759.452532877418	0.0897555889155301_0.109101047395225	0.504719580694636_0.495280419305364	
54	90	9.82551305609602e-06	0.149544559966764	0.0820943953535766	0.0407526086007216	0.0537042850442477	0.0469802572319798	0.14566808630878	0.0318888244257734	9.82551305609602e-06	1.57628921052768e-05	0.00437776267757939	0.219234329050683	0.882303919665527	0.189882391447995	-549.563380357673	0.0796770693262028_0.149544559966764	0.498854797733707_0.501145202266294	
53	109	3.33289845900309e-05	0.103329753802343	0.0692433432466512	0.0255142913661537	0.00239229382243736	0.00774172313366537	0.112605045678932	0.0238574232552753	3.33289845900309e-05	7.11581104903972e-06	0.304143066253517	0.214471786520404	1.15768715652748	0.253782202726246	-679.797967268067	0.0793514064024645_0.103329753802343	0.497105460663019_0.502894539336981	
55	108	0.004428530423707	0.0857711887151814	0.0314638523762995	0.0345400678565899	0.0522320684335957	0.364375781668778	0.121517349324128	0.029498764645582	0.004428530423707	7.50692110147111e-05	0.421373899082407	0.04741441886549	1.06035547616085	0.0517450496694909	-673.081514481104	0.0678049945155815_0.0857711887151814	0.4999837665315_0.5000162334685	
57	98	0.935543901990609	-0.00323073996768667	0.00547572525485527	0.0398454021360276	0.935543901990609	0.890980302875649	0.0897247567460252	0.0405128597261369	0.0162141686435305	0.0291199098825309	1.18427831414802e-05	0.138171275070279	0.777234538956952	0.100566993695934	-615.111328356075	-0.00323073996768667_0.0991257416347397	0.500192049129925_0.499807950870075	
56	115	1.40109325730857e-10	0.208026102123631	0.0380520174908919	0.0367240315528911	0.440098565181129	0.302319847903288	0.198856987012965	0.0294704641484825	1.40109325730857e-10	6.56565896550653e-10	4.44089209850063e-16	0.000637636536703177	0.843457913791234	0.000463346846274711	-703.8328122001	0.0284514946397396_0.208026102123631	0.496080009333032_0.503919990666968	
58	109	3.88990430036036e-05	0.142723805670894	-0.00138585780170643	0.0379410478966367	0.566520089602005	0.970929891222451	0.122849424888215	0.0332607325152317	3.88990430036036e-05	0.000348831969994916	9.14823772291129e-14	0.0138066834250626	0.925739735885166	0.0121666954356483	-673.800465641655	-0.021814253314058_0.142723805670894	0.497462483409344_0.502537516590656	
59	101	2.54648328115219e-07	0.210651298966008	0.00313520757708334	0.0417255210875898	0.845523979803013	0.940254349824937	0.199308484555834	0.0380809204163591	2.54648328115219e-07	9.18310476363472e-07	0	0.000515293504266375	0.8924265876372	0.000414694772364733	-602.697998367331	-0.00815061836774544_0.210651298966008	0.498551473443416_0.501448526556583	
60	90	0.769780352093438	-0.01251015366232	-0.000811916500945157	0.042615844222897	0.769780352093438	0.984842280616672	0.101272178276779	0.0433041171179053	0.0101723372703012	0.0215949576951172	3.67758869135315e-07	0.0929153297512818	0.972787048426395	0.0894983404871171	-556.414114233217	-0.01251015366232_0.113713686647897	0.500896060872241_0.499103939127759	
61	118	0.523909713448267	0.0193118082476375	0.0320119263907298	0.0302100894917148	0.523909713448267	0.291489455501554	0.169488214966906	0.0323864024270378	1.36570811693095e-07	7.41098474962015e-07	4.57411886145564e-14	0.00190882897416232	1.72996260897836	0.00581418327253117	-730.840737115046	0.0193118082476375_0.181743628257408	0.502821046199395_0.497178953800605	
62	125	1.16409333758506e-08	0.164823046615785	0.0188234224482647	0.0315526735639763	0.808120388564635	0.551881168253227	0.155418451429859	0.0269572701604172	1.16409333758506e-08	6.09691083327686e-08	1.57651669496772e-14	0.00099678870586445	0.996729848040454	0.000990603820887307	-782.208808721711	0.00767899649138977_0.164823046615785	0.49741613518854_0.50258386481146	
66	87	0.597417627594113	-0.0153876847833392	-0.00264999971082856	0.0290286045478364	0.597417627594113	0.927475055601689	0.172015242687656	0.0377302665766084	3.09233903030507e-06	1.68959853775487e-05	0	0.000243448712378667	0.734441954496764	0.000136037255525979	-529.870505670042	-0.0153876847833392_0.188343522476572	0.51458817333419_0.48541182666581	
63	116	0.035106680255369	0.0791325762915464	0.0488606926128342	0.0371107841501017	0.035106680255369	0.190584898437256	0.144626546430961	0.0341572074156432	0.00113153309102116	4.64131501959491e-05	0.119070799068489	0.0576026818394813	0.896580842428597	0.0492361325650876	-712.613447521746	0.0791325762915464_0.11407159687093	0.501237606458501_0.498762393541499	
65	112	0.976934022127743	-0.000903281470885589	0.0127529190455676	0.0311710791886866	0.976934022127743	0.68323506663809	0.169492992290322	0.0314335529978074	6.00510859272814e-08	3.9678013029686e-07	0	0.000399120974341463	1.09258835759062	0.000476395937325376	-701.900656905718	-0.000903281470885589_0.182694676896788	0.501188641572753_0.498811358427247	
64	105	1.42758223568635e-07	0.151312911875781	0.0484085290430862	0.0354821342641643	0.212435223720876	0.175415973709638	0.146984928460091	0.0267945675461869	1.42758223568635e-07	2.9137465817678e-07	3.69282867307419e-06	0.0266190679019044	0.983967853508254	0.0259529672853597	-658.091985278989	0.0445159846292659_0.151312911875781	0.498487316431936_0.501512683568064	
67	116	0.118913481064601	0.0368868344370902	0.0392403400369056	0.0234787784302956	0.118913481064601	0.0973793928975147	0.154812116615537	0.0327995504574494	5.12779355971426e-06	6.70150328418548e-06	2.70238640354137e-08	0.00416792924549904	1.03316535600908	0.00441870522640708	-729.192285992414	0.0368868344370902_0.156936345819743	0.501631341534125_0.498368658465875	
70	93	0.753828483022299	0.0103572467437147	0.00831923520658691	0.0329289706815217	0.753828483022299	0.801108621752808	0.0971184175787651	0.042200168515847	0.0319957848663356	0.0236283770350403	0.00184553345533023	0.09712558201923	0.919192079744301	0.086721269808109	-570.540751510663	0.0103572467437147_0.0918940581862841	0.500317155025927_0.499682844974073	
69	95	0.000954860774715183	0.125639674557985	0.0410845824527017	0.0435790964273945	0.217230507686304	0.348220943924611	0.13795840506523	0.0368310372551592	0.000954860774715183	0.000310085332868646	0.0120315172001202	0.0895453761968157	0.899939296684444	0.0775917797945243	-571.117633384269	0.0541366213207173_0.125639674557985	0.499921349654415_0.500078650345586	
68	102	0.015667927930793	0.102188181618647	0.0631844089033822	0.0415713443562414	0.015667927930793	0.131659767292824	0.139247712999119	0.0431230890597974	0.0196450760468355	0.00167585136178781	0.99859536856472	0.204127635093682	1.06496896714097	0.219683627065111	-609.743432073587	0.102188181618647_0.10223800153294	0.500000000000039_0.499999999999961	
72	108	0.529871626098049	-0.0187429914522988	-0.000180480718368305	0.0297387548312424	0.529871626098049	0.995169070395579	0.154895380492743	0.0348807069109025	1.80338962567392e-06	2.19060532498574e-05	0	0.000716513421547425	0.973410647756717	0.000680453505217442	-664.913743249609	-0.0187429914522988_0.176254677877291	0.500607093196033_0.499392906803967	
71	106	2.39246376558852e-05	0.147993561887044	0.0233662382308912	0.0359047442344252	0.687095754800974	0.516607433680083	0.138428201499673	0.0334672596648161	2.39246376558852e-05	7.13290303049642e-05	9.39847843994812e-09	0.0190679548956953	1.17493237180839	0.0248677267692372	-658.636311541989	0.0145025108392364_0.147993561887044	0.49976217942733_0.50023782057267	
73	98	0.0229889236917212	0.0676985497715257	0.054041675063039	0.0304733593758407	0.0286558617696212	0.0792997657621249	0.0809521782550592	0.0293025631224957	0.0229889236917212	0.00686017221769703	0.999748739581324	0.524423045815682	0.853993799690471	0.461894997985289	-615.978142829785	0.0676907104128067_0.0676985497715257	0.499999999999976_0.500000000000024	
74	88	0.000617634324051747	0.111423897339896	0.00696369058862529	0.037605340533174	0.885167353635241	0.853520261043961	0.098188728414117	0.0313591484884579	0.000617634324051747	0.00237180493541839	1.11517426759633e-06	0.0624522169775854	0.998885277699874	0.0623522516152324	-557.840669779819	-0.00544698988680334_0.111423897339896	0.499108543062362_0.500891456937638	
76	111	2.47604019537947e-09	0.156016509961066	-0.0160365360704106	0.0338921503507268	0.549335616616437	0.637033985652707	0.150044154108923	0.0240180769462828	2.47604019537947e-09	8.09016723997768e-09	9.10382880192628e-15	6.38474302909593e-05	0.848407869796594	4.59002181807128e-05	-676.38784391249	-0.020355946945348_0.156016509961066	0.497113371743934_0.502886628256066	
75	119	0.0256120261685181	0.0812274703595503	0.0485957885624358	0.0359305244118958	0.0256120261685181	0.178803750849213	0.117628829151422	0.0429612613161457	0.0609489041066525	0.00713894997924049	0.998256538875258	0.217724775404231	0.913280416902915	0.196163825177706	-713.229573252463	0.0812274703595503_0.081280427534412	0.500000000000146_0.499999999999854	
77	120	0.0837426743467689	0.0891104498409971	-0.0196203563942346	0.0396704868152054	0.50658753627229	0.621806212599647	0.139036019643623	0.0510956635404636	0.0837426743467689	0.00748322662152402	0.0190853280180241	0.0141809529878183	0.835007586948028	0.0106001291250559	-699.588831864196	0.0264275557766453_0.0891104498409971	0.499834447964089_0.500165552035912	
79	93	0.552368830418953	-0.017706114191709	-0.0112202422464526	0.0296880285657131	0.552368830418953	0.706347033993598	0.183065302927999	0.0255087059827886	4.56002186850001e-11	1.78677038518839e-10	0	6.91822230968287e-07	0.73389805141949	3.58667138715479e-07	-579.197871726424	-0.017706114191709_0.19046551285687	0.500513917359375_0.499486082640625	
78	108	0.532651032124149	0.0208887892488103	0.040144015130841	0.0333689174930362	0.532651032124149	0.231617478501201	0.188904580609212	0.0430982169106125	5.17084775306279e-06	2.74329728029739e-05	4.88498130835069e-15	0.0063481595259591	0.833779389974478	0.00466489687033293	-656.946156156812	0.0208887892488103_0.206883574271855	0.501983825652591_0.498016174347409	
81	98	0.0833925329689464	0.0480220378603451	0.0502361275212638	0.027451280872726	0.0833925329689464	0.0703195948451196	0.163577603283496	0.034733958825917	6.75141830755665e-06	8.27709849599764e-06	1.12536766372351e-06	0.0104639203363887	0.723279037013952	0.00620142067564406	-615.350710716231	0.0480220378603451_0.165345842894292	0.501487105918233_0.498512894081767	
80	115	0.0196548385303192	0.0791503247380751	0.0536386706954412	0.0334492510834122	0.0196548385303192	0.111572930665689	0.105059037538923	0.0331282309026609	0.0184513605664331	0.00194998907360943	0.998310354060592	0.274727981971923	0.998001096460177	0.274138939854498	-705.999742385013	0.0791503247380751_0.0792018330175452	0.500000000000035_0.499999999999965	
83	119	2.05861917655608e-06	0.163915433218284	0.0316852337132407	0.0361264109824762	0.780323704523752	0.382233126980463	0.143346945008361	0.0328158402436229	2.05861917655608e-06	2.70704512513013e-05	3.28626015289046e-14	0.0221443759523215	1.03876086595185	0.023536300055199	-740.810518822994	0.0100985944054922_0.163915433218284	0.499949717606813_0.500050282393187	
82	111	7.14457819156151e-05	0.15365840087593	0.081655820232905	0.0370433032341321	0.00601879482343743	0.029583359541252	0.177052173576023	0.0372228909962337	7.14457819156151e-05	6.01678275912362e-06	0.0415025281928452	0.0692815737048132	1.41987070217182	0.115189925690488	-678.355220639376	0.103761103332909_0.15365840087593	0.499869784091333_0.500130215908667	
84	93	3.26176247455001e-05	0.140159334479737	0.0336050157821636	0.0376622716116154	0.408125575596447	0.374574683033341	0.135514693260059	0.0320741946189811	3.26176247455001e-05	5.61644143800066e-05	1.26703469409684e-05	0.0393924575688664	0.772405072500795	0.0269148915515801	-568.132690149079	0.0312973178603628_0.140159334479737	0.498723847500563_0.501276152499437	
85	91	9.07879026189173e-05	0.128079010750122	0.055219816836805	0.0342661566532544	0.201892398247378	0.110573012724275	0.117340394335841	0.0312480833944345	9.07879026189173e-05	0.000306878383318055	0.000466463364489744	0.180396201415956	0.856805553484851	0.149839137055127	-589.1746472753	0.0440514308617203_0.128079010750122	0.499742798480571_0.500257201519429	
86	108	0.632059225814612	-0.0119732421488363	-0.00396575219273189	0.0249334101035153	0.632059225814612	0.873926361757775	0.160905174507559	0.0370924336687993	1.51275115808484e-05	3.26846527730621e-05	1.06581410364015e-14	0.000225216394011134	0.916475742922161	0.000189676397206477	-668.904452036724	-0.0119732421488363_0.168196958429511	0.505067881240499_0.494932118759501	
90	85	2.33888465842654e-05	0.146875083922738	-0.00139025578883071	0.0359822847414669	0.668929299191724	0.96927129945387	0.133968298893157	0.0327855109714297	2.33888465842654e-05	9.9816162769635e-05	4.70203875835296e-11	0.0054249626658266	0.769602772642464	0.00348560066306087	-524.926796393314	-0.0154409756385185_0.146875083922738	0.497475170761031_0.502524829238969	
88	117	3.10589231448363e-10	0.161632204785659	0.0192437247900182	0.034482538133361	0.630297032767311	0.577871015712628	0.159064154187151	0.0234662739144517	3.10589231448363e-10	5.35097296396907e-10	1.88582482962829e-11	0.000801673863564683	0.915360914295459	0.000678434897980227	-731.481281309224	0.0166408939160748_0.161632204785659	0.497253603883321_0.502746396116679	
87	128	7.61669641473895e-08	0.158088284590298	0.04856709779981	0.0348211583856646	0.221483322676988	0.165523495489671	0.151396833381898	0.0276903163694447	7.61669641473895e-08	2.32546949762524e-07	9.5625610985195e-08	0.0208132816243524	1.20380432678299	0.0282115093601912	-785.204532590084	0.0427822347693742_0.158088284590298	0.499441345916985_0.500558654083015	
89	110	2.11007493908744e-05	0.147170002862466	0.0349048883968591	0.0381603033930239	0.438758058289833	0.362372864281658	0.140374528158751	0.0330979486773256	2.11007493908744e-05	4.67966918484989e-05	3.2173812547498e-07	0.0368049426873572	0.827398949949546	0.0277280438537428	-660.343747095224	0.0296559936220683_0.147170002862466	0.499664637400926_0.500335362599074	
91	88	0.12498185050737	-0.0325390035993413	-0.0310922765776043	0.0210047620875723	0.12498185050737	0.14241916491316	0.164256580614515	0.040303214458121	0.000108330702120351	0.000101146163455039	1.11983755601841e-11	1.72140870516225e-05	0.889970001359069	1.3493759168887e-05	-525.870509380734	-0.0325390035993413_0.163488407849337	0.511672240568822_0.488327759431178	
92	102	0.0345616791610164	0.0761774364184712	0.0493990741813314	0.0355564778556988	0.0345616791610164	0.167792995945005	0.158429102739184	0.0363221912760149	0.000550082318430939	3.11595641795747e-05	0.032682478085218	0.0319492304308016	0.862800608294738	0.0255268136116647	-625.931354208485	0.0761774364184712_0.129634597303586	0.500015295303427_0.499984704696573	
93	114	7.07333424413554e-09	0.164772610361758	0.0107264629868801	0.0363963157245181	0.820173288519887	0.768753970124093	0.159648689936744	0.0263140911703442	7.07333424413554e-09	1.77564311392392e-08	1.17816867373222e-12	0.000913687616227944	0.918055456644806	0.000778076005246505	-695.040795699707	0.0082929631953829_0.164772610361758	0.497965020002333_0.502034979997667	
94	116	0.140106095773338	0.046941201342117	0.0282895452416965	0.0310061040807461	0.132954564670583	0.363474111617456	0.0653115633410453	0.0315962554853451	0.140106095773338	0.0409724061620665	0.999296145611674	0.402982914208477	0.62870393532947	0.258291875245003	-736.926056771324	0.0469206047130408_0.046941201342117	0.499999999999988_0.500000000000012	
95	122	1.429009786921e-13	0.212736574327312	0.0494669539991948	0.0345860774810133	0.245028106091061	0.155220702617385	0.204302335283752	0.0255280460614117	1.429009786921e-13	8.34230901877556e-13	0	0.000315880514950172	1.50710665283904	0.000761587036047388	-761.760796724568	0.04040298881918_0.212736574327312	0.495968246826027_0.504031753173973	
96	109	1.53534737355845e-11	0.196739129021603	-0.0476707476328563	0.0346988290109347	0.12051384829465	0.172335188963707	0.189026435250163	0.0260866372427868	1.53534737355845e-11	6.72109726768976e-11	0	4.96775148622958e-08	0.821922703627106	3.19160013861554e-08	-642.663621106327	-0.0543028627102904_0.196739129021603	0.496199671535967_0.503800328464033	
100	94	0.0475285218331657	0.059218495987926	0.0609502583781616	0.0294891222287543	0.0475285218331657	0.041525509958216	0.107301393654965	0.0320684906545416	0.000963297185019368	0.00118387061627155	0.0274563332435811	0.287360826582449	0.662646065705129	0.184869302934277	-604.932859157694	0.059218495987926_0.109345080125776	0.5001850844528_0.4998149155472	
97	115	0.01356117215976	0.0620221048557529	0.0696410843101323	0.0247330391615131	0.01356117215976	0.00573628269355252	0.115266926131266	0.0304425837727389	0.000109751161329884	0.00024556697447199	0.00420393410140396	0.244735983821642	1.02692233335035	0.252064540918322	-729.130693682924	0.0620221048557529_0.122003712124316	0.501776099125986_0.498223900874014	
98	106	0.249465724996493	0.0324512252653164	0.0378001888421451	0.0280219897848217	0.249465724996493	0.180255851259378	0.178282348766731	0.0373877527857985	3.10702862137125e-06	6.00606172087347e-06	7.40154604272902e-11	0.00264120384903334	1.38817083771621	0.0049649183238387	-659.708139940627	0.0324512252653164_0.184270046722898	0.501539632252963_0.498460367747037	
99	101	0.00173648909954944	0.130149156634414	0.0322113420203653	0.042035935256794	0.433102557051095	0.44531417817479	0.13072709745399	0.040435115218592	0.00173648909954944	0.00165978109758931	6.72005027846367e-05	0.0912136812312872	0.745932533071658	0.0615955942261752	-627.25807382802	0.0330852057219046_0.130149156634414	0.499647484304131_0.500352515695869	
