simNum	IVsNum	P_1	eff_1	eff_mean_minClass	sd_minClass	P_minClass	P_minClass_mean	eff_mean_maxClass	sd_maxClass	P_maxClass	P_maxClass_mean	corTest_1	CHVP_test	AIC_1	gamma_1	prop_1
62	108	0.0330634452749732	0.0316581136768819	0.0361447798704512	0.0146615425125066	0.0330634452749732	0.0152805353247012	0.358606429483199	0.043275909498827	1.21113093262653e-13	3.67619724108929e-13	0	1.69795290165286e-12	-622.407921630986	0.0316581136768819_0.367973220163431	0.535831054784959_0.464168945215041	
24	99	3.6096061367741e-05	0.0823472180732737	0.0857242859639467	0.019019834541657	3.6096061367741e-05	1.82071364030512e-05	0.402667091799539	0.0434402198390692	6.69775879716588e-15	4.66228858695521e-15	0	2.33280474284708e-11	-566.96078815696	0.0823472180732737_0.399515482241035	0.514945413640293_0.485054586359707	
47	100	0.0231007276073905	0.0810318568809061	0.0887465621056828	0.0351145588812346	0.0231007276073905	0.0130756707514265	0.211769084684397	0.0415097990063582	1.03771925779622e-06	1.62556463636366e-06	1.28055334913668e-06	0.0236547000662456	-601.814390322636	0.0810318568809061_0.216199996875703	0.518345574744318_0.481654425255682	
9	104	0.00251186335188863	0.0820028951999901	0.0858278435429453	0.0264702009104824	0.00251186335188863	0.00159747555317607	0.254963348789692	0.0425908965395008	2.14600332838708e-08	3.1594000440655e-08	1.3252576813727e-09	0.000743976877206623	-613.492937354515	0.0820028951999901_0.258567300290521	0.509420129228568_0.490579870771432	
40	105	6.1390901677242e-05	0.0983240439273909	0.0990822856070081	0.0235344293290229	6.1390901677242e-05	5.43693773328625e-05	0.290368651520741	0.045553815885332	2.19754243489147e-09	5.13342066096269e-09	4.42534897615587e-13	0.000190969424302777	-606.418514512253	0.0983240439273909_0.298565667519243	0.510782882454494_0.489217117545506	
55	100	6.77984486180469e-05	0.071888468121182	0.0738385366411244	0.0172799686576748	6.77984486180469e-05	4.43814969567807e-05	0.325083069119587	0.0427440095127511	1.24606590715226e-11	1.66420916851903e-11	0	5.05318590562064e-08	-590.269570764484	0.071888468121182_0.327615600563423	0.513979244327298_0.486020755672702	
78	95	0.107459782918495	0.0807409315304493	0.0892085619213275	0.0496793903433074	0.107459782918495	0.0757576410028308	0.323137244038402	0.0504383723210289	5.08171963625788e-09	5.85672738086048e-09	3.77475828372553e-15	0.000952258073953057	-528.21226501409	0.0807409315304493_0.32470547165031	0.50006168752911_0.49993831247089	
85	99	0.0407336104345671	0.0546263005241776	0.0560363967780078	0.0263429257621075	0.0407336104345671	0.0359146490337293	0.315577462899484	0.0435965684263318	1.02485338498478e-10	1.02741654087623e-10	8.88178419700125e-16	3.48184304607198e-07	-565.186600409842	0.0546263005241776_0.315600140522924	0.511378604375138_0.488621395624862	
1	110	6.41505377554406e-23	0.393074513157741	0.104306104581488	0.0324240526631696	0.00285144584670104	0.00170613844522567	0.388362681975531	0.0312922242656715	6.41505377554406e-23	1.39721362320863e-22	0	2.90475451721973e-10	-617.216213825047	0.0989742708762001_0.393074513157741	0.493591001492382_0.506408998507618	
32	93	0.0546069318301152	0.0863297331739358	0.0829537892019035	0.0443440182408064	0.0546069318301152	0.0645673286896484	0.322306574632114	0.0596306662535057	4.97141564509655e-07	5.07051040076177e-07	4.44693171175459e-11	0.00127772685156412	-506.226043305422	0.0863297331739358_0.322584618251186	0.505880412028148_0.494119587971852	
17	106	0.0292952284304964	0.0722447617720572	0.0754691566271888	0.0326939461374412	0.0292952284304964	0.0229391767795791	0.274918008931358	0.044761545095847	8.39683786996772e-09	1.47995147307102e-08	4.01900734914307e-13	0.000320416963759499	-612.520948515192	0.0722447617720572_0.280373531597609	0.502434991836995_0.497565008163005	
93	103	4.42976255521123e-11	0.387544745133639	0.102545028451062	0.0437488132849206	0.0320129920988178	0.0210193149022016	0.382915248676749	0.0525287089805643	4.42976255521123e-11	6.81415873625684e-11	0	4.10801154848242e-05	-564.684539316985	0.0951126747698437_0.387544745133639	0.499507621575653_0.500492378424347	
63	103	0.00750938337168252	0.0551061859803318	0.0564857543986986	0.0202019807345348	0.00750938337168252	0.00618305406814248	0.253037639939443	0.0393070921198321	2.41223558088651e-09	4.0248795643507e-09	2.26485497023532e-14	8.69106125545902e-06	-603.752847635853	0.0551061859803318_0.257322477383808	0.515102432757388_0.484897567242612	
70	135	0.0518231780952033	0.0850608442399394	0.0925103686680731	0.0433519395040805	0.0518231780952033	0.03466911857074	0.297898479326463	0.0453660627001725	9.58320013665213e-10	1.04020049170192e-09	7.105427357601e-15	0.00106353903905561	-756.115265887253	0.0850608442399394_0.298630679206941	0.500187568060209_0.499812431939791	
25	88	0.0269601516926427	0.0838042315931626	0.0980148005224648	0.0372434175158749	0.0269601516926427	0.0100489128278531	0.271603067834559	0.0539735358884827	1.21232769126544e-06	2.58681954761059e-06	2.54642973374075e-11	0.00811780995043245	-507.353304287604	0.0838042315931626_0.281644084121044	0.501206234982315_0.498793765017685	
41	96	0.000255569167013691	0.191625991167759	0.110705025541738	0.0348259272999477	6.7604139784132e-05	0.00199649862811767	0.230629940323845	0.0504317479314913	0.000255569167013691	1.44848437689158e-05	0.140937963550239	0.0503772120633394	-551.471519958707	0.145179462718876_0.191625991167759	0.497707878973858_0.502292121026142	
2	118	0.0269021704223701	0.0428158938792189	0.0457379794571383	0.0191043386492275	0.0269021704223701	0.0182494587124284	0.315380210198274	0.0395341390485153	8.94698732939559e-13	1.12815711346748e-12	0	8.19753365997197e-10	-679.968254787612	0.0428158938792189_0.317126673143913	0.513366633116385_0.486633366883615	
48	104	0.0128033734939024	0.0837832801083579	0.079372291300256	0.0330715176121649	0.0128033734939024	0.0181897845246448	0.180353064037995	0.0551217639568117	0.0017847003009274	0.00145411019626584	0.00169673838435602	0.116203404404202	-588.513658218405	0.0837832801083579_0.176800977515473	0.503577069823053_0.496422930176947	
79	112	0.000977396685864474	0.0907666106445734	0.087692502313993	0.0267963585610613	0.000977396685864474	0.00142098620725232	0.239048674344369	0.0332461088284123	5.04283932067454e-11	7.99388042618145e-11	5.40731237563818e-10	0.000393233053918708	-677.546928648066	0.0907666106445734_0.242108405146736	0.50457179682468_0.49542820317532	
86	110	8.41237533323771e-05	0.10527899657746	0.109218438040852	0.0257661925019844	8.41237533323771e-05	4.72202681085511e-05	0.303374730421485	0.0403652761166411	1.65152046929119e-11	1.68113891890828e-11	2.37587727269783e-13	5.02652171441692e-05	-656.426564729005	0.10527899657746_0.303517259380496	0.515553790378606_0.484446209621394	
10	112	0.0292884707409125	0.0735086015180641	0.0738173202871583	0.0332894033332297	0.0292884707409125	0.0286302490082996	0.267576334513237	0.0406381904700292	5.25480486015052e-09	1.57551156316527e-09	9.13726871942799e-11	0.000225690192037444	-640.006387664304	0.0735086015180641_0.257378604114998	0.50621720069879_0.49378279930121	
56	98	0.036310675335978	0.089267460132814	0.0894781387503749	0.0420504042100729	0.036310675335978	0.0358820840493246	0.273112900833515	0.056604905435046	8.68579919095243e-06	5.20545038885814e-06	1.12589460865564e-07	0.0092089585508621	-539.498509386401	0.089267460132814_0.265893377172637	0.50167487263978_0.49832512736022	
18	111	0.00335473202157085	0.0993022422650644	0.0958891948894415	0.0331168029570567	0.00335473202157085	0.00456727776821972	0.232486959363029	0.0552405272972731	9.73819992775157e-05	5.26659330048875e-05	6.6538488295409e-05	0.0339336958701831	-632.58537070983	0.0993022422650644_0.223458975800415	0.5030068270472_0.4969931729528	
33	120	0.0357431153211324	0.071136680625922	0.069086557346693	0.0334923732221631	0.0357431153211324	0.0413118585264366	0.280015052067723	0.0457681590481219	1.28523668213853e-08	1.24685852490196e-08	3.33066907387547e-15	0.000199879086073043	-696.760360223573	0.071136680625922_0.279724152726785	0.500996870057092_0.499003129942908	
94	113	0.00341812821061444	0.124107347360884	0.116055698308356	0.0414910987408682	0.00341812821061444	0.00607061635014723	0.299816985724181	0.0456555615612883	2.47599038319008e-09	1.67123173022718e-09	2.23841485347265e-08	0.00289498660844343	-641.002024623581	0.124107347360884_0.296103551621405	0.501410092615714_0.498589907384286	
71	102	0.115829694492877	0.0424263745178532	0.0484331554991458	0.026747902205271	0.115829694492877	0.0731560272619503	0.292637235246072	0.0451759221711376	1.42231745329363e-09	3.42781673928944e-09	0	3.29605846882054e-06	-578.885088168003	0.0424263745178532_0.301086098897276	0.508198107129311_0.491801892870689	
64	111	0.00536580302277586	0.120309037768822	0.0981763567871436	0.0423529390095952	0.00536580302277586	0.022295780244824	0.285834527550321	0.0562897694754025	5.88636625179963e-06	1.56851298619615e-06	5.91994249488081e-06	0.00772297708443823	-603.534163641604	0.120309037768822_0.268044995631037	0.502241444630354_0.497758555369646	
42	114	0.0659641948968649	0.0549025301907738	0.0641617221935557	0.029570597168185	0.0659641948968649	0.0321173381528232	0.316528374694198	0.0365681840131035	5.58190333853668e-15	3.8689072447145e-14	0	8.03759654225573e-08	-639.613647549983	0.0549025301907738_0.329912447189819	0.501996377065324_0.498003622934676	
49	107	0.00017384477416621	0.0860777707643938	0.0830619597978856	0.0221149796542534	0.00017384477416621	0.00028260803397201	0.263635067636907	0.033602801542187	3.9513222684735e-12	3.63130770841046e-12	6.17212947418011e-11	7.16117624565393e-06	-627.307127209688	0.0860777707643938_0.26307185722208	0.510033907569271_0.489966092430729	
80	106	0.00443483008513475	0.0840919587616676	0.0854193123239081	0.0289140921852548	0.00443483008513475	0.00386918351676978	0.214407616084004	0.0537815894557398	0.000148868499628604	0.000124054468850444	1.77275387698295e-05	0.0346488096910923	-614.253568751829	0.0840919587616676_0.211714452396927	0.507004693472251_0.492995306527749	
57	100	5.00703710824609e-05	0.150149508747747	0.156722356624058	0.0354031445414533	5.00703710824609e-05	2.46497603741535e-05	0.30244350370631	0.0659310942213441	2.96633848497971e-06	1.31700119303731e-05	1.34251290084819e-08	0.0515071665051203	-581.890640537602	0.150149508747747_0.326804952488498	0.520011073816479_0.479988926183521	
3	107	2.93320413895006e-08	0.284900988719693	0.0982183728835557	0.0514940365186101	0.0722178296776274	0.0591788291599506	0.280076464637414	0.0475721131623981	2.93320413895006e-08	4.6643792590813e-08	1.63180580159406e-11	0.00948462058608567	-604.923159095778	0.0935062192129379_0.284900988719693	0.499924376883974_0.500075623116025	
11	99	0.00023671635938305	0.0722619966643685	0.07316776686116	0.0189317761833666	0.00023671635938305	0.0001998560409138	0.34800841770665	0.0468674380933707	2.57092349039431e-11	4.17722807832243e-11	0	5.40755395691187e-08	-557.026956583039	0.0722619966643685_0.352707026051376	0.521573413786609_0.478426586213391	
26	117	0.0370597371108988	0.0591482532906895	0.0589701626772704	0.0280402080586884	0.0370597371108988	0.0376225551463654	0.324091175106719	0.0355199608482493	1.10149417407046e-15	2.67071116243818e-15	0	4.67023844904138e-09	-667.002296506922	0.0591482532906895_0.329938761005614	0.502734106241562_0.497265893758438	
87	115	4.70896580844277e-05	0.0838595266215634	0.0815557522283832	0.0198163250788745	4.70896580844277e-05	7.33029993052726e-05	0.332010163964413	0.0519087516877212	6.67341395932494e-09	3.6387300758524e-09	6.66133814775094e-16	6.5563222093325e-06	-643.732782031137	0.0838595266215634_0.325443832420497	0.509162852400336_0.490837147599664	
34	125	2.30694008663629e-08	0.0977485045971587	0.0988140629542249	0.0163695017708536	2.30694008663629e-08	1.69088479578077e-08	0.320668211343675	0.0454947561584494	1.59917590837249e-10	1.11029308688407e-10	0	4.46457568006905e-06	-720.16117988998	0.0977485045971587_0.317424985474187	0.518436427700056_0.481563572299944	
19	112	0.00511975949811011	0.119710736932559	0.11692898300307	0.0419131698825505	0.00511975949811011	0.00620914626406789	0.274258719592999	0.0572720709540033	1.0039109342889e-05	5.22358572652316e-06	1.00924257595558e-06	0.0266343954479378	-639.040660961971	0.119710736932559_0.265101546522088	0.50142711942476_0.49857288057524	
72	110	0.00366376906579184	0.0612191481840137	0.0581511599797646	0.020612766090227	0.00366376906579184	0.00568780417420573	0.249000298963033	0.032763365283007	6.18080183184532e-12	1.0994773902527e-11	1.15463194561016e-14	8.20368633155742e-07	-646.997867955955	0.0612191481840137_0.252729918033165	0.508469598173275_0.491530401826725	
65	98	3.79977055807576e-06	0.122107703232561	0.122503308252954	0.0249077050937412	3.79977055807576e-06	3.56123868420678e-06	0.332455416682928	0.0341426649659138	9.34188471478364e-16	4.95227615638781e-16	2.5068835896036e-13	6.77112123010499e-07	-577.206405345539	0.122107703232561_0.328099096490185	0.506546925355804_0.493453074644196	
95	86	0.042570792428232	0.0593037763582623	0.0571965113454096	0.0288044282724305	0.042570792428232	0.0502917233888174	0.276105338494316	0.0430006331656114	1.12805211183476e-08	7.41750447712937e-09	6.18880502400998e-11	2.34128257708433e-05	-494.131358140703	0.0593037763582623_0.272019226197537	0.510495298169077_0.489504701830923	
4	105	0.0248420250051999	0.0383184900626784	0.0448183307586341	0.0168295246286677	0.0248420250051999	0.00897441812352211	0.332800442629027	0.0386705094752983	5.76687352404499e-15	8.57122858506946e-14	0	8.58444610612988e-12	-617.196345339181	0.0383184900626784_0.353222250799419	0.545006717462875_0.454993282537125	
43	104	0.000610552413523153	0.0750134374839044	0.0791420387176625	0.0212147747289003	0.000610552413523153	0.000312997425414921	0.318489918979708	0.052851525907212	4.22000485681352e-08	2.63476815027019e-08	4.44089209850063e-16	2.63702033512067e-05	-607.21062599547	0.0750134374839044_0.313021982606286	0.515721932291484_0.484278067708516	
27	112	4.37874983517246e-06	0.0894563356343415	0.0913450059192769	0.0185158527809198	4.37874983517246e-06	2.86064867793569e-06	0.33412272358424	0.0408228177745326	2.76954861586138e-13	5.04534960309186e-13	0	6.09320871194725e-08	-648.131778980739	0.0894563356343415_0.33884500366158	0.509205136531228_0.490794863468772	
81	110	0.0105063051711189	0.0851937922691257	0.0856069353885823	0.0327199530321429	0.0105063051711189	0.0101480473390253	0.253233158933232	0.0439435093626905	6.86055766469465e-08	7.78603452450225e-08	2.44225084600203e-10	0.00221638401011136	-630.604191369123	0.0851937922691257_0.254456313971525	0.503429491728536_0.496570508271463	
58	107	0.00308679774009381	0.0973734674306273	0.10270681636194	0.0321523004669679	0.00308679774009381	0.00184583351413545	0.330412537748307	0.0433696853493045	4.69725179696679e-12	1.13615027302212e-11	0	2.46792807872788e-05	-616.473290409539	0.0973734674306273_0.33804597413645	0.507031638475505_0.492968361524495	
50	110	0.00435271346739184	0.0701601209163447	0.075856228704568	0.0240910557281273	0.00435271346739184	0.00211600148897949	0.262929778096188	0.0436696865780772	1.43812866401673e-08	2.38133379044449e-08	2.88657986402541e-13	0.000176187028754396	-636.660778208962	0.0701601209163447_0.267662410930184	0.502199210271872_0.497800789728128	
20	89	6.92978084922027e-05	0.139777423223802	0.143343972830267	0.0334615552736933	6.92978084922027e-05	4.67580993879289e-05	0.240904187542287	0.0647196905380594	0.000318743632367962	0.000347541686416194	0.00691806645394233	0.18055675448124	-495.107290180248	0.139777423223802_0.24253807533628	0.501421699089027_0.498578300910973	
12	115	0.0255618269231905	0.0995271036826081	0.102144819284277	0.0439901439177732	0.0255618269231905	0.0220090386622656	0.313138847310345	0.0493986962191767	3.75730386610426e-09	4.78598248609608e-09	8.65973959207622e-15	0.00142372669057776	-651.133625468459	0.0995271036826081_0.315626720590228	0.500593271681167_0.499406728318833	
73	100	5.13805219539873e-06	0.0842762834368014	0.0868502602008105	0.0174759429454914	5.13805219539873e-06	2.81227641243282e-06	0.312748281277696	0.0465764474744609	1.23250100337992e-09	1.19742902751851e-09	4.44089209850063e-16	5.60070613898464e-06	-590.590138026138	0.0842762834368014_0.31246276108633	0.517617518705935_0.482382481294065	
35	103	0.00194665227407464	0.0652060914960991	0.0701141151342071	0.0205006093137575	0.00194665227407464	0.000901359874255908	0.349006036646544	0.0483581597876679	8.10675134587426e-11	9.7019302358014e-11	0	1.0975504142507e-07	-590.398667981871	0.0652060914960991_0.350790444955923	0.513514166949851_0.486485833050149	
88	104	0.00772851978981641	0.136036536405065	0.0981922691423011	0.0500682680393378	0.00772851978981641	0.0525592809245045	0.249906402662873	0.0567814383415317	0.000243641172808445	2.63466239165696e-05	0.0142028011651958	0.0450628866673062	-578.917529517791	0.136036536405065_0.215870025186394	0.500771798766461_0.499228201233539	
59	93	0.00232710713071538	0.0649995653450638	0.0726837893367295	0.0207522202541129	0.00232710713071538	0.000713505359799686	0.308231436562904	0.0426095836004475	3.67998756736273e-11	1.36589718326818e-10	0	6.69720758544922e-07	-555.831543536534	0.0649995653450638_0.320083417235258	0.511639968516992_0.488360031483008	
5	105	0.00328951844370423	0.0694913999054685	0.0732327479749872	0.0230953461390101	0.00328951844370423	0.00199727113474386	0.348831342606737	0.0372543583163666	8.35098911040845e-16	1.7774382719392e-15	0	3.22516228042976e-10	-612.468469494152	0.0694913999054685_0.35430783099902	0.510368220561236_0.489631779438764	
96	101	1.02867157859956e-06	0.228193581112221	0.142447354394154	0.042127753652633	0.00064704379618415	0.00103040887964056	0.238559648758437	0.0438239176513684	1.02867157859956e-06	3.73453247511099e-07	0.00679572979766374	0.11385872753757	-568.998775308251	0.148373288081357_0.228193581112221	0.49929442411776_0.50070557588224	
66	110	0.000177497371749667	0.131014179627724	0.12658026851018	0.0337438384027415	0.000177497371749667	0.000283763195084985	0.223565925295094	0.0496276932790349	1.61722736006437e-05	1.67547069971843e-05	0.00359550899789673	0.106077294670421	-633.032231713704	0.131014179627724_0.224008248235773	0.504877031144676_0.495122968855324	
28	117	9.45389423876494e-05	0.123930108517341	0.122223273887019	0.0306361466453404	9.45389423876494e-05	0.000116319255764748	0.271661289055744	0.0389364517161564	1.46504849761618e-10	1.98873571285081e-10	3.4059666198516e-08	0.00255913044650606	-694.580890592311	0.123930108517341_0.274032456000338	0.509325613568891_0.490674386431109	
44	101	0.0148165032239394	0.136771683436267	0.117772753544431	0.0551541771593976	0.0148165032239394	0.0351759876813961	0.351303626397776	0.0523446003567535	5.30221467993562e-09	1.17773371889132e-09	9.84751031829489e-08	0.00213203338265382	-551.129307501942	0.136771683436267_0.334489477603164	0.509144572760149_0.490855427239851	
82	101	0.00127718255314604	0.0828355863821749	0.0848060126203856	0.0249875157589937	0.00127718255314604	0.000988801944964895	0.336961176879204	0.0480221004041135	3.54812689777712e-10	2.75294303358407e-10	1.33226762955019e-15	3.19335080980432e-06	-572.335048227042	0.0828355863821749_0.334415403757684	0.514815079508997_0.485184920491003	
13	104	0.0124934501347649	0.0733613457679237	0.0746206023837448	0.0288537704713248	0.0124934501347649	0.0111024243879968	0.247007230054292	0.0465250991316953	7.21411699679629e-07	6.37051775947849e-07	2.3379096436571e-09	0.00163917647641121	-596.912041015907	0.0733613457679237_0.245661372486396	0.505353453892809_0.494646546107191	
74	113	1.31893757560378e-19	0.361654329914638	0.0782342335153297	0.0365553616438989	0.0782501022403943	0.0345118066438005	0.348424269135588	0.0327756542241718	1.31893757560378e-19	1.13551559418699e-18	0	3.73038214387553e-08	-641.863992776392	0.0649661247362142_0.361654329914638	0.49016689969534_0.50983310030466	
21	95	0.130098647144021	0.0449648980263673	0.0429286392545166	0.0294449849965407	0.130098647144021	0.14819366832635	0.297249577647674	0.0368934066298353	1.49457070380789e-12	2.42418886419928e-12	0	7.13237310926662e-08	-537.4481711845	0.0449648980263673_0.300936133824229	0.501796252089788_0.498203747910212	
51	103	0.223108284370919	0.0385913791781368	0.0406656136352078	0.0314834064776263	0.223108284370919	0.199396788903324	0.265449325458056	0.0532560043155016	2.91951917840564e-06	2.55068661095135e-06	2.19158025061006e-13	0.000279717143496627	-583.528606646162	0.0385913791781368_0.263715623179999	0.503618597945538_0.496381402054462	
97	109	0.00114089635865843	0.0809540818177869	0.0836937476023816	0.0242184645260003	0.00114089635865843	0.000785471502743178	0.370852084811784	0.038064948795011	5.66216153210242e-17	1.79612439107107e-16	0	1.95472472359372e-10	-614.230054379945	0.0809540818177869_0.379237817159706	0.506112504059736_0.493887495940265	
89	113	2.64193753567182e-05	0.122143809246724	0.112608000834824	0.0278614768477905	2.64193753567182e-05	9.76568923625571e-05	0.198771740175087	0.0321826549130172	6.62785011434669e-08	1.08277293870472e-08	0.0109998039462145	0.0429525505672622	-680.054678300188	0.122143809246724_0.186235799676431	0.504011184248056_0.495988815751944	
6	109	0.0145620950579212	0.0685550520328043	0.0716867583559768	0.0276085332120495	0.0145620950579212	0.0107274870286684	0.280474413542374	0.0436019188597142	2.75428923167676e-09	3.51991305322473e-09	3.5527136788005e-15	5.21746146123427e-05	-628.630617512488	0.0685550520328043_0.282719216715288	0.501734934121752_0.498265065878248	
60	106	0.0111672425321222	0.10966798218056	0.113444660396903	0.0424555982518294	0.0111672425321222	0.00874059652654532	0.331142394924729	0.0440678862463153	3.43036198603759e-11	1.9926196567651e-11	4.83924011973613e-12	0.000374230607444668	-593.781198865656	0.10966798218056_0.326315038328041	0.50237082035459_0.49762917964541	
67	112	0.0199774689618576	0.0846409696896158	0.0872777622680088	0.0358518746803555	0.0199774689618576	0.0165104990048029	0.256859270038158	0.0418430681503598	7.44727430677372e-09	1.32018527794724e-08	7.0929928597252e-12	0.00208668939983204	-648.280261539698	0.0846409696896158_0.261937467998198	0.502187552692309_0.497812447307691	
36	114	0.0915133013331018	0.0669876125876121	0.0474359409135521	0.0393591882928216	0.0915133013331018	0.230641520747226	0.236555802061234	0.0590691850681349	0.000522262148805646	0.000111478663353077	6.72922477740201e-06	0.00771327063774842	-617.556826227044	0.0669876125876121_0.210981177169481	0.500621177317761_0.499378822682239	
29	108	0.000106277564714228	0.272051625800636	0.0546187706658026	0.0308399520031257	0.0559953439132168	0.0794015169967638	0.278553982829469	0.0675763488749432	0.000106277564714228	7.43258126979644e-05	1.7334023105775e-09	0.00257230015887116	-585.86631697099	0.0595849185606654_0.272051625800636	0.499302777467945_0.500697222532055	
45	108	0.131425697735911	0.0532022393729332	0.0606857787022454	0.0349982817182858	0.131425697735911	0.0858045616816697	0.303466870008126	0.0469283766634778	1.54229262371412e-09	3.07156055615189e-09	0	3.36661761506616e-05	-598.452335429854	0.0532022393729332_0.310237822635053	0.502874119794854_0.497125880205146	
14	99	0.106425823846427	0.0695325455864098	0.089631650108371	0.0426721175488983	0.106425823846427	0.0382543496710656	0.29647269191473	0.050231599441429	7.03410442262462e-09	5.15423636733571e-08	0	0.00169967758877945	-558.610370889296	0.0695325455864098_0.318518828731669	0.50152242977534_0.49847757022466	
52	119	0.00100463867497085	0.0771639886092672	0.0802407711869839	0.0228736132517292	0.00100463867497085	0.000639711242781728	0.265228719142345	0.0346416718739163	3.41843617059603e-12	5.79831989903278e-12	2.01616501271928e-13	8.34055833776871e-06	-707.920903943427	0.0771639886092672_0.268742815505429	0.513346109122638_0.486653890877362	
75	99	0.0315545259157466	0.0633286285615019	0.0641575213120265	0.0290327837674213	0.0315545259157466	0.0294446939238984	0.297749169321379	0.0544929886587084	7.22407607505193e-07	3.53741799005699e-07	3.79696274421804e-13	0.000154827927382802	-546.953531808252	0.0633286285615019_0.288671038084618	0.50408531984287_0.49591468015713	
98	102	1.14997807123351e-07	0.0927611902931423	0.0931840913736453	0.0162507027475646	1.14997807123351e-07	1.02439555386194e-07	0.297245833161068	0.0410348699924224	4.05685565816948e-11	8.86698950082936e-11	5.37347943918576e-14	3.77274526030566e-06	-600.190608845849	0.0927611902931423_0.303837124560363	0.520974547214166_0.479025452785834	
22	109	0.00946363410213862	0.0948839336127443	0.0980914448115216	0.0359126326127513	0.00946363410213862	0.00736810367166972	0.241290983759878	0.0509728755628393	9.51690976111835e-06	6.72665627347584e-06	1.03371923754203e-06	0.0216428501584105	-633.159468330258	0.0948839336127443_0.236932585457887	0.500979756948234_0.499020243051766	
83	108	0.412400238665638	0.030371333230109	0.0379119819864368	0.0369080945266465	0.412400238665638	0.306642984634911	0.307867860538504	0.049334304860063	9.82756059676424e-09	8.932585891472e-09	0	1.17852853949456e-05	-598.42359259703	0.030371333230109_0.30686179600836	0.50012582163128_0.49987417836872	
90	104	0.0116789255739089	0.0484194392679183	0.0518563862016838	0.0188585098065858	0.0116789255739089	0.00704522362153098	0.365307352590653	0.0623335369517262	1.11100881802028e-07	5.59024436196672e-08	0	1.48567353544275e-06	-584.627146621896	0.0484194392679183_0.355766714734954	0.529331340346291_0.470668659653709	
61	95	0.0401531362628376	0.0521553505003981	0.0575434419095179	0.0250626118507016	0.0401531362628376	0.0238988041425339	0.334355936440992	0.0475451244136764	3.59636824742071e-10	3.22623163729502e-10	0	2.6000528966185e-07	-553.499324713506	0.0521553505003981_0.333255824035423	0.515980826975106_0.484019173024894	
7	91	0.0137677437825365	0.0861291604103535	0.0935372084790337	0.0342797188328024	0.0137677437825365	0.00764773768649284	0.291328506339122	0.0463847697513639	1.02799227997143e-08	1.1701009842729e-08	1.19193543923757e-12	0.000605168285866292	-521.421837314437	0.0861291604103535_0.292670958445385	0.502306017167557_0.497693982832443	
37	107	0.788899351391728	0.00665505975882197	0.0158442639307302	0.0247936515576519	0.788899351391728	0.524172054017331	0.318546394890023	0.0415061536059919	1.74342727558294e-12	8.57571378430768e-12	0	3.82613074340168e-10	-599.917221931203	0.00665505975882197_0.331671333038528	0.508500976982768_0.491499023017232	
68	108	1.10668506876355e-09	0.281172341022174	0.0223993264604153	0.034855902428901	0.706534950507635	0.521841110114225	0.27823537422742	0.0420919096152936	1.10668506876355e-09	1.54742244450391e-09	0	2.85028918157038e-06	-616.717324874221	0.0131588021680597_0.281172341022174	0.498328198222829_0.501671801777171	
30	114	0.0736112057182414	0.0579070721439406	0.0664142634761804	0.0320672073933167	0.0736112057182414	0.0406271395961334	0.271009290505159	0.0411444940086384	4.6857289843846e-10	1.48030182230178e-09	0	8.77865976352407e-05	-651.199481478433	0.0579070721439406_0.280674235674468	0.502108809548847_0.497891190451153	
84	98	0.067606369907195	0.0414148820624128	0.0468536293767295	0.0224070800382824	0.067606369907195	0.0391401476302433	0.290120330625021	0.0372249656960294	3.0450303279059e-12	7.34386100164884e-12	0	2.15639125303722e-08	-576.412421136815	0.0414148820624128_0.296837876521074	0.510338943949565_0.489661056050435	
46	115	0.000140180484651075	0.0794457168991165	0.083302644494547	0.0201572500938477	0.000140180484651075	6.87293924881658e-05	0.320415487207814	0.041945577386942	7.86739265635265e-12	7.38836981472579e-12	0	3.48587762167977e-07	-665.904932970271	0.0794457168991165_0.319902233232484	0.510030865185834_0.489969134814166	
76	102	1.23761147840305e-06	0.342989304950175	0.057298041393653	0.0189606775157083	0.00232946988382136	0.00318257809686725	0.383878550996188	0.0664704332720074	1.23761147840305e-06	8.53284668229332e-08	8.88178419700125e-16	2.30444585637826e-06	-543.323714266007	0.0592310941342747_0.342989304950175	0.490154190704914_0.509845809295086	
23	116	0.0015064009030863	0.0982601967833659	0.107023587622931	0.0302196920505447	0.0015064009030863	0.000575629412838697	0.315107886223048	0.0502354428677182	5.42962106340806e-09	6.43977443560353e-09	6.21724893790088e-15	0.000386045708728076	-663.595452140434	0.0982601967833659_0.316896839283679	0.50247724535881_0.49752275464119	
15	123	0.0228983703896996	0.0743123100749906	0.076697643561504	0.0322497772920867	0.0228983703896996	0.0189481291855473	0.318518448163414	0.0410506692923194	1.51772341727396e-12	2.91979478591353e-12	0	3.61675027804886e-06	-707.444520149233	0.0743123100749906_0.323595385879204	0.503055815694095_0.496944184305905	
8	112	0.0151162922916704	0.0595726144335497	0.0648629104470404	0.0241388151711949	0.0151162922916704	0.00831661329342446	0.299488613300587	0.0409406840112353	4.90152368672638e-11	4.2756776922227e-11	0	7.94655249008089e-07	-641.541175782056	0.0595726144335497_0.298374625855408	0.506958430479646_0.493041569520354	
31	107	0.00272173041174011	0.0579915949652209	0.0629584389163519	0.0188917290758021	0.00272173041174011	0.0011855354615143	0.288670037923239	0.038518787070257	1.76040609449482e-11	2.11272807688575e-11	0	1.43212406898735e-07	-631.374906863266	0.0579915949652209_0.290079724687041	0.509808195890926_0.490191804109074	
53	112	0.0890965468539189	0.0546811771499359	0.0660315585276857	0.0318801157106254	0.0890965468539189	0.0406541224077884	0.318932808093309	0.0461178897554455	7.50734085476446e-11	3.12444426271313e-10	0	6.45478962765675e-06	-635.105155711913	0.0546811771499359_0.33217987146049	0.502067526777508_0.497932473222492	
99	107	0.000295359066134023	0.135860972186625	0.123578256276414	0.0362937813767167	0.000295359066134023	0.000935515007050761	0.207218872798077	0.0529084817270031	0.00049024405822435	0.000159255167892581	0.0514355797997115	0.192363460717674	-619.127017402805	0.135860972186625_0.190325384002051	0.500501845831714_0.499498154168286	
69	97	0.119396475051004	0.0544087045292525	0.0714460039111164	0.0346259160142146	0.119396475051004	0.0417769009898205	0.252775475672969	0.0451323717557611	3.68082293057049e-08	2.02929739053482e-07	6.66133814775094e-16	0.00143429584290892	-572.609481384167	0.0544087045292525_0.270241899645084	0.501398306390294_0.498601693609706	
91	120	0.0197461203062754	0.0841564276170909	0.0829738909493309	0.0356133368673905	0.0197461203062754	0.0214989684971285	0.228266549551709	0.0495741578052147	2.05585285599818e-05	1.04326565306032e-05	2.1947002607714e-05	0.0172995840864664	-662.471252541845	0.0841564276170909_0.219920267960187	0.500845015130758_0.499154984869242	
38	106	0.314461327695511	0.0330611861240817	0.0402357697473714	0.0327096738359825	0.314461327695511	0.221413127000195	0.309506982392512	0.040426724003677	2.94032339473606e-12	9.84109971278178e-12	0	2.24205007469951e-07	-603.772037926997	0.0330611861240817_0.319251040787406	0.504138494448634_0.495861505551366	
77	95	0.563399004067059	0.0212854505490539	0.0292233237053425	0.0367081658965247	0.563399004067059	0.42798059009876	0.31506870343433	0.0541088817920965	2.31153962771647e-08	8.01575596525527e-08	0	1.23285504362765e-05	-529.481245298763	0.0212854505490539_0.33022446494639	0.504123287299004_0.495876712700996	
16	106	8.98377337375422e-05	0.14028469525294	0.103009723545519	0.0344316805275014	8.98377337375422e-05	0.0034576238593844	0.226699797659359	0.0767371845846389	0.0703552128961284	0.00386928091036829	0.999847111313157	0.141396041875036	-581.598513714253	0.14028469525294_0.140292672672559	0.500000000000145_0.499999999999855	
100	106	2.34242037239217e-06	0.132954461116909	0.136160656195173	0.0266101961207839	2.34242037239217e-06	1.41007184067543e-06	0.292117170039422	0.0365636140875922	3.95243616720387e-12	1.84754058520102e-12	1.26775212550001e-09	0.000563268930753608	-648.924030033975	0.132954461116909_0.28659189382718	0.504405639801955_0.495594360198045	
54	108	4.25935922096618e-06	0.229156258244106	0.0955578411987058	0.031674955352161	0.000657437079249158	0.00319194856759974	0.238435475560887	0.0472743036613677	4.25935922096618e-06	1.8765301293721e-06	5.09331901645815e-05	0.0120452386503701	-614.23631026055	0.111172939225071_0.229156258244106	0.495362868586148_0.504637131413852	
39	111	0.0823146630808918	0.044625258082359	0.0508004814773176	0.0254503393381735	0.0823146630808918	0.0483980185338274	0.315697939968868	0.036484800960179	2.3165595386408e-14	4.67402283259505e-14	0	2.6032403800173e-09	-640.928388951127	0.044625258082359_0.320603235583948	0.505435636550977_0.494564363449023	
92	96	0.409063561561967	0.0361172594050057	0.0473339381503402	0.0435561628963868	0.409063561561967	0.279904319262351	0.305418245712535	0.0560753555141234	4.2745800808278e-07	4.02106726784234e-07	0	0.000278218582575266	-537.697295712291	0.0361172594050057_0.304616715318649	0.503137517566591_0.496862482433409	
